Data plotted in Fig.4
Reflectivity data
Number of wavelengths =      500
Columns are:
wavelength(micron),Rmeas(0),errmeas(0),Rmeas(61.45),errmeas(61.45),mod1(0),mod1(61.45),mod2(0),mod2(61.45)
     0.500000     0.847894   0.00984767     0.501270   0.00984767     0.833068
     0.478808     0.833876     0.473926
     0.501000     0.841591   0.00965442     0.499970   0.00965442     0.828427
     0.477315     0.829195     0.472459
     0.502000     0.829720   0.00965899     0.496802   0.00965899     0.821557
     0.475249     0.822271     0.470419
     0.503000     0.813454   0.00982923     0.493059   0.00982923     0.811255
     0.472279     0.811896     0.467477
     0.504000     0.796187   0.00988184     0.488938   0.00988184     0.799641
     0.468929     0.800210     0.464159
     0.505000     0.773238    0.0100529     0.481902    0.0100529     0.785667
     0.464922     0.786174     0.460192
     0.506000     0.744716    0.0102629     0.472279    0.0102629     0.769796
     0.460327     0.770239     0.455643
     0.507000     0.713674    0.0101386     0.462230    0.0101386     0.745962
     0.453363     0.746352     0.448750
     0.508000     0.679135    0.0100112     0.451183    0.0100112     0.715550
     0.444460     0.715932     0.439948
     0.509000     0.647220    0.0100879     0.440554    0.0100879     0.692523
     0.437444     0.692937     0.433028
     0.510000     0.633260    0.0100952     0.435384    0.0100952     0.682417
     0.434145     0.682853     0.429789
     0.511000     0.654846    0.0101381     0.441232    0.0101381     0.700104
     0.438994     0.700489     0.434602
     0.512000     0.712419    0.0101681     0.458472    0.0101681     0.749953
     0.452625     0.750302     0.448130
     0.513000     0.780027   0.00996261     0.478505   0.00996261     0.790688
     0.463366     0.791146     0.458836
     0.514000     0.831022   0.00980763     0.492645   0.00980763     0.819573
     0.470608     0.820170     0.466083
     0.515000     0.849860   0.00987131     0.497108   0.00987131     0.831042
     0.473177     0.831723     0.468679
     0.516000     0.856502   0.00957903     0.498435   0.00957903     0.834158
     0.473650     0.834862     0.469178
     0.517000     0.853932   0.00902688     0.498434   0.00902688     0.832235
     0.472819     0.832916     0.468372
     0.518000     0.835137   0.00905702     0.493703   0.00905702     0.823655
     0.470299     0.824266     0.465876
     0.519000     0.804891   0.00947583     0.483855   0.00947583     0.811877
     0.466912     0.812412     0.462518
     0.520000     0.775824   0.00983861     0.474791   0.00983861     0.797069
     0.462721     0.797533     0.458364
     0.521000     0.755983    0.0100375     0.469584    0.0100375     0.778517
     0.457570     0.778919     0.453257
     0.522000     0.748641    0.0100396     0.467293    0.0100396     0.769374
     0.454838     0.769761     0.450563
     0.523000     0.750565    0.0100328     0.467429    0.0100328     0.770683
     0.454859     0.771089     0.450611
     0.524000     0.761499    0.0102180     0.469287    0.0102180     0.780813
     0.457289     0.781261     0.453056
     0.525000     0.782699    0.0102964     0.475017    0.0102964     0.794513
     0.460575     0.795009     0.456353
     0.526000     0.808526   0.00990028     0.484631   0.00990028     0.806008
     0.463262     0.806559     0.459057
     0.527000     0.824092   0.00953675     0.490782   0.00953675     0.812348
     0.464562     0.812930     0.460379
     0.528000     0.822662   0.00987369     0.489724   0.00987369     0.812060
     0.464147     0.812635     0.459989
     0.529000     0.813859    0.0102961     0.486380    0.0102961     0.808059
     0.462773     0.808609     0.458642
     0.530000     0.801774    0.0103738     0.482973    0.0103738     0.799653
     0.460228     0.800156     0.456126
     0.531000     0.779624    0.0104772     0.477108    0.0104772     0.783152
     0.455503     0.783580     0.451440
     0.532000     0.747625    0.0103108     0.469030    0.0103108     0.754818
     0.447384     0.755148     0.443384
     0.533000     0.709536    0.0100597     0.458908    0.0100597     0.723189
     0.438164     0.723476     0.434249
     0.534000     0.669199    0.0101902     0.446161    0.0101902     0.689969
     0.428145     0.690256     0.424338
     0.535000     0.623223    0.0104577     0.429816    0.0104577     0.650201
     0.415907     0.650609     0.412260
     0.536000     0.568692    0.0104945     0.409690    0.0104945     0.595419
     0.398134     0.596065     0.394743
     0.537000     0.511303    0.0103607     0.387754    0.0103607     0.535320
     0.377244     0.536308     0.374189
     0.538000     0.460300    0.0103877     0.366922    0.0103877     0.478305
     0.355665     0.479559     0.352973
     0.539000     0.418461    0.0103675     0.348274    0.0103675     0.431313
     0.336259     0.432676     0.333899
     0.540000     0.377657    0.0101652     0.329281    0.0101652     0.383478
     0.314783     0.384800     0.312792
     0.541000     0.333972    0.0101832     0.306608    0.0101832     0.332071
     0.289743     0.333212     0.288200
     0.542000     0.296560    0.0103851     0.285278    0.0103851     0.290093
     0.268055     0.291058     0.266922
     0.543000     0.284572    0.0105178     0.277733    0.0105178     0.277757
     0.261269     0.278685     0.260275
     0.544000     0.310600    0.0106329     0.290863    0.0106329     0.307015
     0.276237     0.308101     0.274973
     0.545000     0.380969    0.0107230     0.326383    0.0107230     0.379982
     0.311550     0.381374     0.309685
     0.546000     0.484702    0.0107719     0.374029    0.0107719     0.494488
     0.360217     0.495954     0.357616
     0.547000     0.604039    0.0107513     0.421826    0.0107513     0.621898
     0.403598     0.622620     0.400365
     0.548000     0.711670    0.0107331     0.460039    0.0107331     0.725797
     0.434077     0.726145     0.430523
     0.549000     0.783234    0.0108604     0.481484    0.0108604     0.785180
     0.449708     0.785628     0.446092
     0.550000     0.817554    0.0109374     0.489946    0.0109374     0.808763
     0.455447     0.809323     0.451844
     0.551000     0.827461    0.0109307     0.491987    0.0109307     0.816975
     0.457216     0.817583     0.453635
     0.552000     0.825189    0.0109449     0.490591    0.0109449     0.816534
     0.456758     0.817150     0.453203
     0.553000     0.809487    0.0109591     0.485379    0.0109591     0.810668
     0.454899     0.811255     0.451369
     0.554000     0.784142    0.0109733     0.476474    0.0109733     0.798625
     0.451409     0.799154     0.447909
     0.555000     0.759969    0.0109088     0.468379    0.0109088     0.784504
     0.447357     0.784976     0.443890
     0.556000     0.747892    0.0108440     0.464522    0.0108440     0.772746
     0.443905     0.773176     0.440471
     0.557000     0.747860    0.0107791     0.464080    0.0107791     0.767779
     0.442210     0.768195     0.438806
     0.558000     0.754948    0.0107146     0.465846    0.0107146     0.768223
     0.441962     0.768642     0.438580
     0.559000     0.766219    0.0106499     0.469579    0.0106499     0.770750
     0.442282     0.771183     0.438922
     0.560000     0.773198    0.0105850     0.471603    0.0105850     0.773339
     0.442515     0.773788     0.439179
     0.561000     0.771869    0.0106327     0.470755    0.0106327     0.772823
     0.442005     0.773270     0.438692
     0.562000     0.766798    0.0106804     0.468871    0.0106804     0.768299
     0.440416     0.768730     0.437130
     0.563000     0.757809    0.0107279     0.466089    0.0107279     0.760441
     0.437923     0.760843     0.434668
     0.564000     0.741997    0.0106686     0.461900    0.0106686     0.746821
     0.433813     0.747171     0.430594
     0.565000     0.717349    0.0106094     0.454167    0.0106094     0.725402
     0.427488     0.725688     0.424318
     0.566000     0.684423    0.0105503     0.442749    0.0105503     0.696664
     0.418942     0.696892     0.415841
     0.567000     0.645983    0.0105637     0.428423    0.0105637     0.665468
     0.409311     0.665677     0.406301
     0.568000     0.612136    0.0105770     0.415630    0.0105770     0.635869
     0.400064     0.636138     0.397160
     0.569000     0.587444    0.0105902     0.406442    0.0105902     0.608791
     0.391352     0.609147     0.388558
     0.570000     0.564199    0.0105839     0.397886    0.0105839     0.581718
     0.382419     0.582211     0.379750
     0.571000     0.539421    0.0105868     0.388283    0.0105868     0.554148
     0.372875     0.554794     0.370347
     0.572000     0.511746    0.0105897     0.376404    0.0105897     0.525483
     0.362690     0.526304     0.360314
     0.573000     0.479382    0.0106057     0.362295    0.0106057     0.491613
     0.349813     0.492598     0.347625
     0.574000     0.445660    0.0106217     0.347477    0.0106217     0.454235
     0.334879     0.455402     0.332913
     0.575000     0.419314    0.0106376     0.335082    0.0106376     0.424133
     0.322157     0.425428     0.320385
     0.576000     0.409557    0.0105877     0.329544    0.0105877     0.413999
     0.317706     0.415350     0.316011
     0.577000     0.415130    0.0105378     0.331815    0.0105378     0.424610
     0.321979     0.425921     0.320231
     0.578000     0.435676    0.0104879     0.341415    0.0104879     0.448432
     0.331521     0.449622     0.329645
     0.579000     0.473906    0.0105029     0.358331    0.0105029     0.491924
     0.348259     0.492905     0.346164
     0.580000     0.527266    0.0105178     0.380154    0.0105178     0.550932
     0.368966     0.551550     0.366604
     0.581000     0.585671    0.0105443     0.402285    0.0105443     0.613596
     0.389238     0.614001     0.386667
     0.582000     0.638054    0.0105699     0.420947    0.0105699     0.662044
     0.403667     0.662430     0.400996
     0.583000     0.679916    0.0105955     0.434410    0.0105955     0.695521
     0.413264     0.696018     0.410562
     0.584000     0.713134    0.0106213     0.444653    0.0106213     0.716532
     0.418969     0.717150     0.416269
     0.585000     0.736607    0.0105697     0.451945    0.0105697     0.729979
     0.422443     0.730699     0.419759
     0.586000     0.748693    0.0105182     0.455514    0.0105182     0.736414
     0.423913     0.737197     0.421249
     0.587000     0.748770    0.0104665     0.455391    0.0104665     0.736332
     0.423560     0.737140     0.420922
     0.588000     0.743352    0.0102886     0.454169    0.0102886     0.730309
     0.421550     0.731099     0.418937
     0.589000     0.728177    0.0101105     0.450752    0.0101105     0.715816
     0.417109     0.716533     0.414526
     0.590000     0.692509   0.00993201     0.439096   0.00993201     0.689101
     0.409179     0.689711     0.406644
     0.591000     0.643689    0.0101097     0.421194    0.0101097     0.652903
     0.398212     0.653412     0.395750
     0.592000     0.595638    0.0102881     0.403554    0.0102881     0.611386
     0.385178     0.611882     0.382828
     0.593000     0.549223    0.0104672     0.386102    0.0104672     0.563853
     0.369571     0.564435     0.367382
     0.594000     0.503295    0.0104732     0.367479    0.0104732     0.515541
     0.352573     0.516324     0.350590
     0.595000     0.464340    0.0104794     0.350445    0.0104794     0.471463
     0.336254     0.472499     0.334490
     0.596000     0.440635    0.0104855     0.339642    0.0104855     0.448527
     0.326962     0.449681     0.325325
     0.597000     0.438579    0.0104591     0.338372    0.0104591     0.446612
     0.326103     0.447799     0.324492
     0.598000     0.446200    0.0104327     0.341945    0.0104327     0.454044
     0.328993     0.455219     0.327360
     0.599000     0.461641    0.0104061     0.348334    0.0104061     0.469218
     0.334853     0.470339     0.333164
     0.600000     0.484172    0.0103659     0.357388    0.0103659     0.492490
     0.343524     0.493525     0.341746
     0.601000     0.513081    0.0103246     0.369391    0.0103246     0.521305
     0.353545     0.522199     0.351665
     0.602000     0.546665    0.0102832     0.383209    0.0102832     0.551895
     0.363810     0.552695     0.361841
     0.603000     0.574198    0.0103797     0.394011    0.0103797     0.577132
     0.371886     0.577901     0.369861
     0.604000     0.582162    0.0104765     0.396614    0.0104765     0.585791
     0.374282     0.586549     0.372253
     0.605000     0.566387    0.0105738     0.389499    0.0105738     0.572002
     0.369425     0.572754     0.367450
     0.606000     0.528248    0.0105672     0.373280    0.0105672     0.537748
     0.357461     0.538528     0.355605
     0.607000     0.475566    0.0105606     0.350508    0.0105606     0.489215
     0.339646     0.490142     0.337990
     0.608000     0.423349    0.0105539     0.326726    0.0105539     0.439189
     0.320101     0.440331     0.318683
     0.609000     0.386012    0.0105354     0.308682    0.0105354     0.404534
     0.305507     0.405856     0.304280
     0.610000     0.360166    0.0105168     0.295949    0.0105168     0.375145
     0.292618     0.376649     0.291570
     0.611000     0.324633    0.0104981     0.276540    0.0104981     0.329482
     0.270401     0.331062     0.269632
     0.612000     0.275277    0.0104531     0.248006    0.0104531     0.269267
     0.237411     0.270681     0.237067
     0.613000     0.222722    0.0104079     0.215857    0.0104079     0.207364
     0.199857     0.208393     0.200062
     0.614000     0.180187    0.0103625     0.188561    0.0103625     0.164570
     0.172608     0.165415     0.173268
     0.615000     0.155689    0.0103184     0.172411    0.0103184     0.142073
     0.158030     0.142925     0.158936
     0.616000     0.142709    0.0102741     0.163566    0.0102741     0.129232
     0.149672     0.130136     0.150713
     0.617000     0.128524    0.0102297     0.153592    0.0102297     0.114501
     0.139859     0.115495     0.141029
     0.618000     0.112125    0.0103477     0.141117    0.0103477     0.100266
     0.130202     0.101382     0.131459
     0.619000     0.101677    0.0104662     0.132697    0.0104662    0.0922204
     0.124449    0.0934106     0.125734
     0.620000     0.101442    0.0105851     0.132238    0.0105851    0.0932294
     0.124743    0.0944008     0.126035
     0.621000     0.108828    0.0105338     0.137741    0.0105338     0.100422
     0.129232     0.101513     0.130506
     0.622000     0.124998    0.0104822     0.149175    0.0104822     0.115305
     0.138746     0.116270     0.139930
     0.623000     0.154074    0.0104304     0.168933    0.0104304     0.141995
     0.155673     0.142851     0.156604
     0.624000     0.197495    0.0104075     0.197431    0.0104075     0.184841
     0.183444     0.185838     0.183925
     0.625000     0.252503    0.0103844     0.231646    0.0103844     0.242353
     0.219751     0.243787     0.219708
     0.626000     0.311608    0.0103613     0.265724    0.0103613     0.304824
     0.256019     0.306586     0.255561
     0.627000     0.369821    0.0104316     0.295642    0.0104316     0.373436
     0.288875     0.375001     0.288044
     0.628000     0.425876    0.0105023     0.321943    0.0105023     0.440700
     0.316479     0.441904     0.315345
     0.629000     0.477072    0.0105731     0.345389    0.0105731     0.496507
     0.336621     0.497485     0.335288
     0.630000     0.519646    0.0105161     0.364049    0.0105161     0.537241
     0.350179     0.538192     0.348747
     0.631000     0.550038    0.0104589     0.375849    0.0104589     0.563976
     0.358349     0.564973     0.356876
     0.632000     0.567502    0.0104014     0.381887    0.0104014     0.573970
     0.361207     0.575021     0.359736
     0.633000     0.571726    0.0104206     0.383224    0.0104206     0.578812
     0.362498     0.579917     0.361040
     0.634000     0.568010    0.0104399     0.381174    0.0104399     0.575928
     0.361136     0.577033     0.359700
     0.635000     0.558634    0.0104593     0.376835    0.0104593     0.568915
     0.358493     0.569991     0.357081
     0.636000     0.544347    0.0105001     0.370639    0.0105001     0.557562
     0.354431     0.558592     0.353051
     0.637000     0.527629    0.0105412     0.363462    0.0105412     0.542966
     0.349365     0.543956     0.348025
     0.638000     0.509197    0.0105824     0.355649    0.0105824     0.526415
     0.343637     0.527377     0.342346
     0.639000     0.488681    0.0105321     0.346887    0.0105321     0.505422
     0.336119     0.506357     0.334890
     0.640000     0.467052    0.0104818     0.337195    0.0104818     0.481223
     0.327289     0.482160     0.326139
     0.641000     0.443888    0.0104308     0.325718    0.0104308     0.451976
     0.316069     0.452933     0.315020
     0.642000     0.423223    0.0103796     0.315042    0.0103796     0.427369
     0.306306     0.428379     0.305355
     0.643000     0.416831    0.0103952     0.311660    0.0103952     0.421467
     0.303783     0.422501     0.302866
     0.644000     0.420140    0.0104108     0.313457    0.0104108     0.429208
     0.306814     0.430242     0.305881
     0.645000     0.424625    0.0104264     0.316132    0.0104264     0.432633
     0.308029     0.433676     0.307097
     0.646000     0.425264    0.0104418     0.317326    0.0104418     0.430124
     0.307010     0.431196     0.306102
     0.647000     0.421019    0.0104572     0.316353    0.0104572     0.422921
     0.304285     0.424052     0.303419
     0.648000     0.407323    0.0104726     0.310516    0.0104726     0.406462
     0.297603     0.407665     0.296812
     0.649000     0.388833    0.0104568     0.300769    0.0104568     0.380476
     0.286235     0.381745     0.285554
     0.650000     0.373645    0.0104408     0.292319    0.0104408     0.361150
     0.277394     0.362484     0.276804
     0.651000     0.364708    0.0104248     0.287270    0.0104248     0.350376
     0.272393     0.351760     0.271861
     0.652000     0.358593    0.0104241     0.284178    0.0104241     0.344913
     0.269798     0.346329     0.269300
     0.653000     0.346090    0.0104232     0.277176    0.0104232     0.331814
     0.263314     0.333265     0.262883
     0.654000     0.325034    0.0104225     0.265080    0.0104225     0.309129
     0.251735     0.310614     0.251416
     0.655000     0.303951    0.0100570     0.253309    0.0100570     0.282586
     0.237221     0.284078     0.237039
     0.656000     0.287520   0.00969025     0.243939   0.00969025     0.261449
     0.225244     0.262948     0.225186
     0.657000     0.273245   0.00932200     0.235530   0.00932200     0.248476
     0.217672     0.249976     0.217697
     0.658000     0.259867   0.00964015     0.227679   0.00964015     0.242083
     0.213859     0.243589     0.213929
     0.659000     0.248845   0.00995959     0.221249   0.00995959     0.234500
     0.209185     0.235987     0.209307
     0.660000     0.240449    0.0102802     0.216071    0.0102802     0.226825
     0.204109     0.228270     0.204281
     0.661000     0.231758    0.0102936     0.210818    0.0102936     0.218755
     0.198763     0.220154     0.198993
     0.662000     0.219295    0.0103069     0.202561    0.0103069     0.205968
     0.190212     0.207288     0.190536
     0.663000     0.207253    0.0103204     0.194593    0.0103204     0.194253
     0.182140     0.195488     0.182557
     0.664000     0.199354    0.0103323     0.189399    0.0103323     0.188441
     0.178016     0.189634     0.178481
     0.665000     0.191054    0.0103443     0.183700    0.0103443     0.180557
     0.172448     0.181694     0.172981
     0.666000     0.180391    0.0103563     0.176415    0.0103563     0.168817
     0.164031     0.169869     0.164672
     0.667000     0.173921    0.0104033     0.172023    0.0104033     0.163006
     0.159763     0.164016     0.160457
     0.668000     0.175576    0.0104505     0.172978    0.0104505     0.166739
     0.162210     0.167778     0.162867
     0.669000     0.184904    0.0104978     0.178866    0.0104978     0.177547
     0.169561     0.178663     0.170116
     0.670000     0.201724    0.0104834     0.189231    0.0104834     0.193500
     0.180229     0.194713     0.180648
     0.671000     0.225592    0.0104690     0.204114    0.0104690     0.220997
     0.198080     0.222337     0.198301
     0.672000     0.255701    0.0104545     0.223079    0.0104545     0.254086
     0.218256     0.255492     0.218282
     0.673000     0.291017    0.0104889     0.244467    0.0104889     0.296676
     0.241216     0.297981     0.241028
     0.674000     0.327734    0.0105235     0.265116    0.0105235     0.336687
     0.260176     0.337792     0.259806
     0.675000     0.366767    0.0105582     0.285801    0.0105582     0.380301
     0.279287     0.381291     0.278756
     0.676000     0.406570    0.0105211     0.306466    0.0105211     0.416506
     0.293950     0.417480     0.293309
     0.677000     0.436892    0.0104839     0.321239    0.0104839     0.440075
     0.302669     0.441072     0.301968
     0.678000     0.445663    0.0104465     0.324844    0.0104465     0.445489
     0.303858     0.446445     0.303137
     0.679000     0.422543    0.0103734     0.313022    0.0103734     0.425363
     0.294793     0.426153     0.294104
     0.680000     0.377941    0.0103001     0.290194    0.0103001     0.384266
     0.277142     0.384934     0.276563
     0.681000     0.333812    0.0102261     0.266323    0.0102261     0.340792
     0.258167     0.341535     0.257754
     0.682000     0.297191    0.0101764     0.244806    0.0101764     0.300605
     0.238986     0.301503     0.238755
     0.683000     0.273982    0.0101266     0.230727    0.0101266     0.271468
     0.224430     0.272530     0.224350
     0.684000     0.272386    0.0100766     0.229749    0.0100766     0.273182
     0.225906     0.274317     0.225831
     0.685000     0.283579    0.0100474     0.235908    0.0100474     0.290617
     0.234934     0.291688     0.234779
     0.686000     0.296733    0.0100182     0.243399    0.0100182     0.303818
     0.241331     0.304816     0.241116
     0.687000     0.311944   0.00998880     0.252369   0.00998880     0.317829
     0.248047     0.318770     0.247773
     0.688000     0.325944   0.00993319     0.260165   0.00993319     0.332996
     0.255034     0.333880     0.254699
     0.689000     0.339572   0.00987735     0.267184   0.00987735     0.347744
     0.261591     0.348579     0.261200
     0.690000     0.355427   0.00982127     0.275958   0.00982127     0.361136
     0.267270     0.361932     0.266832
     0.691000     0.363631   0.00976193     0.280253   0.00976193     0.366836
     0.269560     0.367615     0.269102
     0.692000     0.362599   0.00970242     0.279907   0.00970242     0.364140
     0.268308     0.364920     0.267862
     0.693000     0.353995   0.00964258     0.275738   0.00964258     0.352687
     0.263544     0.353506     0.263147
     0.694000     0.335898   0.00961301     0.265662   0.00961301     0.330906
     0.253891     0.331811     0.253584
     0.695000     0.305430   0.00958341     0.247866   0.00958341     0.296521
     0.237133     0.297539     0.236972
     0.696000     0.264729   0.00955359     0.223572   0.00955359     0.251421
     0.213000     0.252624     0.213056
     0.697000     0.225247   0.00949376     0.199451   0.00949376     0.211424
     0.188808     0.212660     0.189082
     0.698000     0.196246   0.00943367     0.181115   0.00943367     0.183173
     0.170300     0.184380     0.170763
     0.699000     0.168909   0.00937333     0.162882   0.00937333     0.155392
     0.150449     0.156446     0.151141
     0.700000     0.140750   0.00927881     0.143672   0.00927881     0.129502
     0.131319     0.130395     0.132268
     0.701000     0.119565   0.00918264     0.129110   0.00918264     0.109967
     0.116751     0.110769     0.117911
     0.702000     0.107207   0.00908601     0.119938   0.00908601     0.100164
     0.109374     0.100947     0.110637
     0.703000     0.103557   0.00908430     0.116772   0.00908430    0.0978799
     0.107447    0.0986570     0.108730
     0.704000     0.106375   0.00908251     0.118540   0.00908251     0.100696
     0.109209     0.101472     0.110461
     0.705000     0.116575   0.00908080     0.125849   0.00908080     0.109151
     0.115241     0.109942     0.116400
     0.706000     0.132444   0.00901311     0.136955   0.00901311     0.124201
     0.126230     0.125053     0.127219
     0.707000     0.147581   0.00894516     0.147235   0.00894516     0.138987
     0.136929     0.139910     0.137761
     0.708000     0.162821   0.00887693     0.157474   0.00887693     0.152235
     0.146440     0.153216     0.147140
     0.709000     0.178453   0.00881838     0.167755   0.00881838     0.167602
     0.157457     0.168650     0.158023
     0.710000     0.193575   0.00875951     0.177437   0.00875951     0.183286
     0.168510     0.184383     0.168959
     0.711000     0.207600   0.00870049     0.186412   0.00870049     0.198743
     0.178811     0.199848     0.179152
     0.712000     0.214678   0.00863677     0.190967   0.00863677     0.205542
     0.183333     0.206649     0.183632
     0.713000     0.215457   0.00857275     0.191594   0.00857275     0.206240
     0.184060     0.207376     0.184358
     0.714000     0.209479   0.00850850     0.188360   0.00850850     0.199589
     0.180282     0.200791     0.180628
     0.715000     0.184207   0.00845650     0.172163   0.00845650     0.168319
     0.159201     0.169505     0.159775
     0.716000     0.140600   0.00840430     0.142614   0.00840430     0.122128
     0.124217     0.123024     0.125232
     0.717000    0.0963427   0.00835187     0.110706   0.00835187    0.0823630
    0.0945510    0.0831900    0.0959851
     0.718000    0.0658129   0.00827212    0.0875692   0.00827212    0.0599965
    0.0785441    0.0609627    0.0801085
     0.719000    0.0534653   0.00819203    0.0772105   0.00819203    0.0491626
    0.0706697    0.0502318    0.0722046
     0.720000    0.0467045   0.00811161    0.0708196   0.00811161    0.0433443
    0.0659521    0.0444439    0.0674210
     0.721000    0.0433504   0.00808297    0.0676900   0.00808297    0.0403515
    0.0632369    0.0414504    0.0646572
     0.722000    0.0415869   0.00805422    0.0659039   0.00805422    0.0386264
    0.0615317    0.0397175    0.0629210
     0.723000    0.0397383   0.00802534    0.0637026   0.00802534    0.0366842
    0.0594665    0.0377552    0.0608143
     0.724000    0.0373968   0.00798188    0.0608304   0.00798188    0.0338563
    0.0560267    0.0348728    0.0573025
     0.725000    0.0343729   0.00793824    0.0568466   0.00793824    0.0311000
    0.0521282    0.0320418    0.0533358
     0.726000    0.0317899   0.00789443    0.0530361   0.00789443    0.0289608
    0.0488026    0.0298377    0.0499613
     0.727000    0.0308425   0.00780053    0.0515252   0.00780053    0.0281217
    0.0474238    0.0289755    0.0485677
     0.728000    0.0310435   0.00770623    0.0518618   0.00770623    0.0284382
    0.0479538    0.0293051    0.0491086
     0.729000    0.0320958   0.00761156    0.0536955   0.00761156    0.0297473
    0.0500146    0.0306602    0.0512055
     0.730000    0.0334638   0.00758810    0.0558560   0.00758810    0.0313951
    0.0524022    0.0323630    0.0536424
     0.731000    0.0352807   0.00756455    0.0582426   0.00756455    0.0334103
    0.0549603    0.0344330    0.0562630
     0.732000    0.0373836   0.00754090    0.0608452   0.00754090    0.0360120
    0.0577853    0.0370786    0.0591644
     0.733000    0.0399996   0.00751715    0.0638021   0.00751715    0.0386454
    0.0601628    0.0397267    0.0616062
     0.734000    0.0439476   0.00746431    0.0676753   0.00746431    0.0430092
    0.0636881    0.0440793    0.0652091
     0.735000    0.0498269   0.00741126    0.0726217   0.00741126    0.0502020
    0.0688120    0.0512069    0.0703919
     0.736000    0.0575793   0.00735798    0.0784657   0.00735798    0.0582003
    0.0742509    0.0591196    0.0758368
     0.737000    0.0683669   0.00728004    0.0860314   0.00728004    0.0690356
    0.0818364    0.0698693    0.0833676
     0.738000    0.0854644   0.00720178    0.0982992   0.00720178    0.0859088
    0.0940134    0.0866837    0.0953774
     0.739000     0.110906   0.00712319     0.116520   0.00712319     0.111882
     0.114008     0.112737     0.115066
     0.740000     0.143317   0.00707116     0.139455   0.00707116     0.142211
     0.138154     0.143260     0.138893
     0.741000     0.180990   0.00701891     0.164540   0.00701891     0.180378
     0.166003     0.181476     0.166432
     0.742000     0.219056   0.00696645     0.187790   0.00696645     0.222825
     0.192983     0.223690     0.193146
     0.743000     0.254390   0.00696063     0.208015   0.00696063     0.262423
     0.215066     0.262953     0.215002
     0.744000     0.284086   0.00695478     0.224806   0.00695478     0.294820
     0.230739     0.295058     0.230482
     0.745000     0.301658   0.00694891     0.233952   0.00694891     0.313126
     0.239073     0.313218     0.238708
     0.746000     0.307330   0.00692253     0.236552   0.00692253     0.316997
     0.240675     0.317056     0.240286
     0.747000     0.308278   0.00689604     0.236175   0.00689604     0.316462
     0.240245     0.316517     0.239858
     0.748000     0.309815   0.00686943     0.236109   0.00686943     0.319020
     0.241177     0.319063     0.240778
     0.749000     0.311505   0.00681633     0.236491   0.00681633     0.318644
     0.240964     0.318707     0.240573
     0.750000     0.313141   0.00676300     0.237394   0.00676300     0.317103
     0.240037     0.317173     0.239655
     0.751000     0.316398   0.00670886     0.239278   0.00670886     0.320765
     0.241596     0.320799     0.241189
     0.752000     0.319441   0.00672462     0.241617   0.00672462     0.322259
     0.242152     0.322237     0.241720
     0.753000     0.324532   0.00674044     0.244955   0.00674044     0.324567
     0.243024     0.324475     0.242560
     0.754000     0.327824   0.00675633     0.247562   0.00675633     0.328602
     0.244602     0.328446     0.244100
     0.755000     0.319403   0.00674399     0.243473   0.00674399     0.320600
     0.240734     0.320444     0.240267
     0.756000     0.302240   0.00673160     0.233398   0.00673160     0.303967
     0.232488     0.303860     0.232106
     0.757000     0.282640   0.00671917     0.220444   0.00671917     0.283037
     0.222204     0.283064     0.221943
     0.758000     0.262921   0.00671968     0.207733   0.00671968     0.260468
     0.210657     0.260663     0.210532
     0.759000     0.243537   0.00672018     0.196336   0.00672018     0.238485
     0.198257     0.238848     0.198261
     0.760000     0.219085   0.00672070     0.181220   0.00672070     0.212196
     0.182797     0.212785     0.182965
     0.761000     0.190790   0.00673023     0.162609   0.00673023     0.183402
     0.164649     0.184218     0.165006
     0.762000     0.168059   0.00673979     0.147150   0.00673979     0.162135
     0.149339     0.163013     0.149835
     0.763000     0.153296   0.00674941     0.137182   0.00674941     0.150262
     0.140774     0.151166     0.141358
     0.764000     0.141323   0.00668648     0.129339   0.00668648     0.139232
     0.132700     0.140139     0.133373
     0.765000     0.134626   0.00662327     0.125437   0.00662327     0.131761
     0.126792     0.132644     0.127526
     0.766000     0.131882   0.00655981     0.123787   0.00655981     0.128294
     0.124268     0.129183     0.125033
     0.767000     0.131026   0.00660078     0.123253   0.00660078     0.127577
     0.123790     0.128477     0.124559
     0.768000     0.133050   0.00664192     0.124698   0.00664192     0.129523
     0.125370     0.130442     0.126119
     0.769000     0.134026   0.00668324     0.125687   0.00668324     0.131296
     0.126741     0.132231     0.127472
     0.770000     0.131381   0.00666584     0.124419   0.00666584     0.129026
     0.124815     0.129963     0.125566
     0.771000     0.126711   0.00664836     0.120922   0.00664836     0.126165
     0.122380     0.127105     0.123158
     0.772000     0.117571   0.00663081     0.113843   0.00663081     0.114665
     0.112725     0.115552     0.113619
     0.773000     0.104007   0.00662121     0.103701   0.00662121     0.100661
     0.100945     0.101480     0.101991
     0.774000    0.0940287   0.00661157    0.0965827   0.00661157    0.0916846
    0.0933952    0.0924637    0.0945446
     0.775000    0.0902826   0.00660189    0.0942838   0.00660189    0.0885254
    0.0905130    0.0892900    0.0916950
     0.776000    0.0843183   0.00660370    0.0902234   0.00660370    0.0824685
    0.0856038    0.0832155    0.0868569
     0.777000    0.0766165   0.00660551    0.0844027   0.00660551    0.0752012
    0.0797827    0.0759388    0.0811177
     0.778000    0.0694436   0.00660734    0.0788643   0.00660734    0.0684711
    0.0744025    0.0692151    0.0758047
     0.779000    0.0618738   0.00661207    0.0738217   0.00661207    0.0598236
    0.0677495    0.0605954    0.0692233
     0.780000    0.0527573   0.00661682    0.0674403   0.00661682    0.0489847
    0.0596529    0.0498175    0.0611699
     0.781000    0.0439321   0.00662159    0.0604625   0.00662159    0.0416015
    0.0542185    0.0424914    0.0557222
     0.782000    0.0389210   0.00662329    0.0563066   0.00662329    0.0380349
    0.0515066    0.0389514    0.0529879
     0.783000    0.0374662   0.00662499    0.0552338   0.00662499    0.0361515
    0.0500619    0.0370795    0.0515260
     0.784000    0.0378249   0.00662670    0.0556880   0.00662670    0.0361355
    0.0502306    0.0370680    0.0517032
     0.785000    0.0396441   0.00665164    0.0573256   0.00665164    0.0395312
    0.0528030    0.0404363    0.0543115
     0.786000    0.0408263   0.00667670    0.0584253   0.00667670    0.0415815
    0.0542688    0.0424654    0.0557920
     0.787000    0.0415449   0.00670186    0.0588624   0.00670186    0.0423671
    0.0546926    0.0432391    0.0562174
     0.788000    0.0432381   0.00670657    0.0595902   0.00670657    0.0446436
    0.0560211    0.0454891    0.0575448
     0.789000    0.0451217   0.00671129    0.0606102   0.00671129    0.0466399
    0.0570038    0.0474608    0.0585168
     0.790000    0.0454583   0.00671605    0.0605274   0.00671605    0.0464406
    0.0563382    0.0472555    0.0578384
     0.791000    0.0434135   0.00666053    0.0583613   0.00666053    0.0436222
    0.0537712    0.0444526    0.0552577
     0.792000    0.0396783   0.00660478    0.0548476   0.00660478    0.0388231
    0.0498008    0.0396852    0.0512590
     0.793000    0.0359459   0.00654877    0.0514310   0.00654877    0.0347098
    0.0462623    0.0355945    0.0476792
     0.794000    0.0333140   0.00657850    0.0486196   0.00657850    0.0322309
    0.0438117    0.0331177    0.0451889
     0.795000    0.0314892   0.00660834    0.0466038   0.00660834    0.0304185
    0.0422287    0.0313087    0.0435790
     0.796000    0.0304529   0.00663833    0.0458642   0.00663833    0.0298901
    0.0423236    0.0307899    0.0436781
     0.797000    0.0299643   0.00664269    0.0459880   0.00664269    0.0300002
    0.0433819    0.0309156    0.0447604
     0.798000    0.0299621   0.00664708    0.0464116   0.00664708    0.0304223
    0.0445205    0.0313496    0.0459268
     0.799000    0.0306792   0.00665148    0.0472976   0.00665148    0.0316226
    0.0458464    0.0325512    0.0472855
     0.800000    0.0318682   0.00554822    0.0484691   0.00554822    0.0332032
    0.0471552    0.0341231    0.0486235
     0.801000    0.0329605   0.00443852    0.0493764   0.00443852    0.0348500
    0.0483347    0.0357574    0.0498259
     0.802000    0.0341577   0.00332444    0.0504066   0.00332444    0.0366764
    0.0495232    0.0375657    0.0510339
     0.803000    0.0356772   0.00331219    0.0515258   0.00331219    0.0388953
    0.0509209    0.0397595    0.0524431
     0.804000    0.0377199   0.00329987    0.0529856   0.00329987    0.0411420
    0.0523177    0.0419814    0.0538455
     0.805000    0.0405262   0.00328752    0.0549057   0.00328752    0.0445188
    0.0544959    0.0453244    0.0560217
     0.806000    0.0444065   0.00328787    0.0572789   0.00328787    0.0489445
    0.0574103    0.0497129    0.0589179
     0.807000    0.0491887   0.00328822    0.0601191   0.00328822    0.0545326
    0.0612693    0.0552720    0.0627380
     0.808000    0.0535947   0.00328858    0.0623645   0.00328858    0.0595397
    0.0646432    0.0602641    0.0660612
     0.809000    0.0564555   0.00329040    0.0639999   0.00329040    0.0615464
    0.0657790    0.0622720    0.0671711
     0.810000    0.0590776   0.00329222    0.0657385   0.00329222    0.0635253
    0.0668605    0.0642587    0.0682266
     0.811000    0.0640189   0.00329404    0.0685559   0.00329404    0.0701531
    0.0715278    0.0709223    0.0728185
     0.812000    0.0731893   0.00329382    0.0736437   0.00329382    0.0787541
    0.0776987    0.0796062    0.0789013
     0.813000    0.0837593   0.00329359    0.0796851   0.00329359    0.0873296
    0.0837535    0.0882996    0.0848819
     0.814000    0.0934556   0.00329336    0.0847683   0.00329336    0.0955552
    0.0895254    0.0966734    0.0906069
     0.815000     0.103131   0.00328069    0.0895068   0.00328069     0.103603
    0.0950633     0.104864    0.0961149
     0.816000     0.114946   0.00326798    0.0964287   0.00326798     0.113709
     0.103117     0.115109     0.104140
     0.817000     0.128470   0.00325520     0.105344   0.00325520     0.126664
     0.113676     0.128187     0.114661
     0.818000     0.143694   0.00323323     0.115537   0.00323323     0.141644
     0.125755     0.143208     0.126679
     0.819000     0.160956   0.00321119     0.127083   0.00321119     0.157784
     0.138307     0.159319     0.139152
     0.820000     0.176440   0.00318904     0.137147   0.00318904     0.173307
     0.148421     0.174722     0.149177
     0.821000     0.188573   0.00316681     0.143776   0.00316681     0.184908
     0.154529     0.186144     0.155205
     0.822000     0.199075   0.00317532     0.147729   0.00317532     0.192350
     0.156817     0.193442     0.157449
     0.823000     0.205855   0.00318387     0.148964   0.00318387     0.197405
     0.156700     0.198393     0.157315
     0.824000     0.207250   0.00319245     0.147687   0.00319245     0.197071
     0.152795     0.198021     0.153430
     0.825000     0.204233   0.00319372     0.143206   0.00319372     0.194701
     0.147300     0.195627     0.147967
     0.826000     0.201021   0.00319499     0.138777   0.00319499     0.190770
     0.141685     0.191670     0.142376
     0.827000     0.203563   0.00319627     0.139601   0.00319627     0.191724
     0.141063     0.192548     0.141735
     0.828000     0.214514   0.00318703     0.148224   0.00318703     0.203062
     0.150758     0.203726     0.151336
     0.829000     0.232666   0.00317774     0.162957   0.00317774     0.224066
     0.169008     0.224451     0.169399
     0.830000     0.252529   0.00316842     0.179092   0.00316842     0.246321
     0.187703     0.246315     0.187842
     0.831000     0.263943   0.00314569     0.189842   0.00314569     0.262478
     0.201200     0.262069     0.201094
     0.832000     0.260377   0.00312287     0.190867   0.00312287     0.261260
     0.204264     0.260626     0.204048
     0.833000     0.230167   0.00309995     0.176346   0.00309995     0.231605
     0.190622     0.231217     0.190562
     0.834000     0.181163   0.00310935     0.147364   0.00310935     0.177307
     0.159257     0.177680     0.159559
     0.835000     0.127062   0.00311881     0.112356   0.00311881     0.116841
     0.113748     0.117660     0.114494
     0.836000    0.0838166   0.00312829    0.0831100   0.00312829    0.0799850
    0.0809363    0.0807085    0.0820738
     0.837000    0.0596484   0.00311908    0.0657020   0.00311908    0.0587537
    0.0626696    0.0594371    0.0640667
     0.838000    0.0450888   0.00310982    0.0547598   0.00310982    0.0444773
    0.0515756    0.0452243    0.0530890
     0.839000    0.0373157   0.00310053    0.0485332   0.00310053    0.0358600
    0.0450452    0.0366663    0.0465648
     0.840000    0.0341318   0.00309849    0.0458142   0.00309849    0.0345730
    0.0439763    0.0353885    0.0454878
     0.841000    0.0318037   0.00309645    0.0439027   0.00309645    0.0319384
    0.0419579    0.0327752    0.0434492
     0.842000    0.0318683   0.00309439    0.0440263   0.00309439    0.0317834
    0.0417501    0.0326209    0.0432339
     0.843000    0.0358170   0.00308205    0.0467756   0.00308205    0.0376745
    0.0456112    0.0384543    0.0471203
     0.844000    0.0389318   0.00306966    0.0492579   0.00306966    0.0409965
    0.0477190    0.0417460    0.0492171
     0.845000    0.0434251   0.00305721    0.0523342   0.00305721    0.0464192
    0.0515292    0.0471398    0.0529967
     0.846000    0.0522999   0.00305329    0.0582168   0.00305329    0.0557361
    0.0583884    0.0564301    0.0597775
     0.847000    0.0586984   0.00304935    0.0620765   0.00304935    0.0631815
    0.0641380    0.0638885    0.0654441
     0.848000    0.0621255   0.00304540    0.0640781   0.00304540    0.0652993
    0.0658180    0.0660259    0.0670994
     0.849000    0.0660377   0.00300171    0.0666253   0.00300171    0.0702653
    0.0698960    0.0710191    0.0711193
     0.850000    0.0662830   0.00295784    0.0672260   0.00295784    0.0693836
    0.0693524    0.0701292    0.0705865
     0.851000    0.0597836   0.00291377    0.0630549   0.00291377    0.0622345
    0.0636534    0.0629385    0.0649728
     0.852000    0.0507594   0.00282486    0.0572623   0.00282486    0.0537197
    0.0571953    0.0544135    0.0586164
     0.853000    0.0417244   0.00273555    0.0513171   0.00273555    0.0436505
    0.0497785    0.0443840    0.0512891
     0.854000    0.0336359   0.00264586    0.0458200   0.00264586    0.0338101
    0.0427036    0.0346187    0.0442295
     0.855000    0.0280274   0.00274937    0.0411692   0.00274937    0.0284359
    0.0389521    0.0292949    0.0404425
     0.856000    0.0237825   0.00285333    0.0371253   0.00285333    0.0245632
    0.0360866    0.0254432    0.0375140
     0.857000    0.0209642   0.00295775    0.0342648   0.00295775    0.0217087
    0.0337177    0.0225821    0.0350706
     0.858000    0.0188019   0.00294549    0.0317153   0.00294549    0.0195395
    0.0316758    0.0203862    0.0329568
     0.859000    0.0175735   0.00293319    0.0299924   0.00293319    0.0182855
    0.0302947    0.0191017    0.0315267
     0.860000    0.0168695   0.00292082    0.0286755   0.00292082    0.0171999
    0.0289128    0.0179794    0.0300988
     0.861000    0.0160104   0.00293311    0.0275798   0.00293311    0.0158544
    0.0269803    0.0165788    0.0281074
     0.862000    0.0150993   0.00294545    0.0264725   0.00294545    0.0148547
    0.0254287    0.0155364    0.0265145
     0.863000    0.0144474   0.00295785    0.0254014   0.00295785    0.0145203
    0.0248666    0.0151892    0.0259400
     0.864000    0.0139593   0.00286603    0.0244146   0.00286603    0.0143921
    0.0246502    0.0150570    0.0257199
     0.865000    0.0137476   0.00277379    0.0242789   0.00277379    0.0146366
    0.0250568    0.0153138    0.0261383
     0.866000    0.0140574   0.00268115    0.0249657   0.00268115    0.0149445
    0.0255370    0.0156371    0.0266332
     0.867000    0.0146338   0.00275704    0.0259082   0.00275704    0.0155727
    0.0264468    0.0162949    0.0275726
     0.868000    0.0152929   0.00283327    0.0269364   0.00283327    0.0165181
    0.0277860    0.0172814    0.0289575
     0.869000    0.0161247   0.00290986    0.0282235   0.00290986    0.0177265
    0.0292156    0.0185326    0.0304437
     0.870000    0.0170503   0.00291216    0.0296483   0.00291216    0.0187242
    0.0302393    0.0195566    0.0315129
     0.871000    0.0182794   0.00291447    0.0311465   0.00291447    0.0201845
    0.0315898    0.0210369    0.0329182
     0.872000    0.0194923   0.00291679    0.0324992   0.00291679    0.0220133
    0.0330779    0.0228762    0.0344644
     0.873000    0.0204126   0.00289314    0.0335604   0.00289314    0.0233272
    0.0340389    0.0241890    0.0354601
     0.874000    0.0208639   0.00286939    0.0341367   0.00286939    0.0243453
    0.0347699    0.0252045    0.0362140
     0.875000    0.0208655   0.00284551    0.0341843   0.00284551    0.0239722
    0.0344122    0.0248306    0.0358508
     0.876000    0.0206299   0.00284151    0.0338430   0.00284151    0.0234678
    0.0339733    0.0243270    0.0354025
     0.877000    0.0199256   0.00283748    0.0329312   0.00283748    0.0223706
    0.0330870    0.0232317    0.0344923
     0.878000    0.0190760   0.00283344    0.0317743   0.00283344    0.0208877
    0.0318714    0.0217473    0.0332386
     0.879000    0.0177333   0.00280260    0.0303627   0.00280260    0.0183461
    0.0295608    0.0191761    0.0308394
     0.880000    0.0160341   0.00277162    0.0283610   0.00277162    0.0152556
    0.0258848    0.0159843    0.0270243
     0.881000    0.0141351   0.00274050    0.0253707   0.00274050    0.0125917
    0.0215447    0.0132064    0.0225675
     0.882000    0.0122090   0.00275141    0.0220179   0.00275141    0.0103866
    0.0175028    0.0109283    0.0184595
     0.883000    0.0109357   0.00276235    0.0194492   0.00276235   0.00913456
    0.0151033   0.00964488    0.0160365
     0.884000    0.0102382   0.00277336    0.0176876   0.00277336   0.00888517
    0.0145981   0.00939040    0.0155273
     0.885000   0.00994368   0.00274810    0.0170953   0.00274810   0.00932038
    0.0154888   0.00983388    0.0164217
     0.886000   0.00992065   0.00272273    0.0170176   0.00272273   0.00887781
    0.0146003   0.00938260    0.0155275
     0.887000   0.00985362   0.00269723    0.0169173   0.00269723   0.00793004
    0.0126714   0.00841920    0.0135910
     0.888000   0.00994788   0.00270340    0.0172503   0.00270340   0.00783969
    0.0125193   0.00832660    0.0134366
     0.889000    0.0101570   0.00270959    0.0177385   0.00270959   0.00839490
    0.0136617   0.00888987    0.0145809
     0.890000    0.0102674   0.00271582    0.0180089   0.00271582   0.00866537
    0.0142196   0.00916477    0.0151399
     0.891000    0.0103187   0.00269761    0.0180839   0.00269761   0.00864407
    0.0141877   0.00914281    0.0151067
     0.892000    0.0104528   0.00267932    0.0181078   0.00267932   0.00866727
    0.0142454   0.00916623    0.0151636
     0.893000    0.0104805   0.00266093    0.0181560   0.00266093   0.00851019
    0.0139433   0.00900590    0.0148588
     0.894000    0.0105014   0.00265798    0.0182417   0.00265798   0.00819591
    0.0133236   0.00868570    0.0142351
     0.895000    0.0103518   0.00265503    0.0179018   0.00265503   0.00807818
    0.0130951   0.00856555    0.0140044
     0.896000    0.0102439   0.00265205    0.0176286   0.00265205   0.00839519
    0.0137482   0.00888801    0.0146593
     0.897000    0.0103328   0.00263922    0.0179087   0.00263922   0.00910339
    0.0152003   0.00961070    0.0161197
     0.898000    0.0105329   0.00262634    0.0185817   0.00262634   0.00957907
    0.0161461    0.0100982    0.0170735
     0.899000    0.0109591   0.00261338    0.0192661   0.00261338   0.00965624
    0.0163025    0.0101777    0.0172311
     0.900000    0.0115800   0.00341832    0.0200019   0.00341832    0.0100725
    0.0171206    0.0106065    0.0180590
     0.901000    0.0118801   0.00422371    0.0206410   0.00422371    0.0108035
    0.0185133    0.0113626    0.0194748
     0.902000    0.0123047   0.00503164    0.0216090   0.00503164    0.0115583
    0.0198597    0.0121484    0.0208511
     0.903000    0.0130688   0.00509087    0.0228560   0.00509087    0.0123112
    0.0211375    0.0129364    0.0221638
     0.904000    0.0140132   0.00515029    0.0245286   0.00515029    0.0133520
    0.0227197    0.0140292    0.0237983
     0.905000    0.0149410   0.00520991    0.0260448   0.00520991    0.0144149
    0.0241537    0.0151414    0.0252884
     0.906000    0.0162060   0.00517777    0.0273384   0.00517777    0.0159201
    0.0258317    0.0166969    0.0270405
     0.907000    0.0178819   0.00514555    0.0287510   0.00514555    0.0178559
    0.0275883    0.0186644    0.0288755
     0.908000    0.0201519   0.00511320    0.0306915   0.00511320    0.0202191
    0.0294326    0.0210362    0.0307925
     0.909000    0.0222471   0.00512455    0.0328875   0.00512455    0.0226989
    0.0312005    0.0235073    0.0326153
     0.910000    0.0233686   0.00513594    0.0339075   0.00513594    0.0247135
    0.0325145    0.0255050    0.0339556
     0.911000    0.0225757   0.00514735    0.0328624   0.00514735    0.0236407
    0.0316074    0.0244351    0.0330303
     0.912000    0.0208622   0.00515881    0.0313999   0.00515881    0.0215096
    0.0299652    0.0223106    0.0313478
     0.913000    0.0202480   0.00516255    0.0309914   0.00516255    0.0206739
    0.0292655    0.0214746    0.0306281
     0.914000    0.0215389   0.00516631    0.0319444   0.00516631    0.0220192
    0.0301822    0.0228135    0.0315697
     0.915000    0.0237081   0.00517007    0.0334139   0.00517007    0.0238051
    0.0313646    0.0245863    0.0327792
     0.916000    0.0257564   0.00516461    0.0343741   0.00516461    0.0241912
    0.0315387    0.0249657    0.0329524
     0.917000    0.0287331   0.00515914    0.0361374   0.00515914    0.0273977
    0.0337346    0.0281470    0.0351746
     0.918000    0.0330333   0.00515364    0.0389725   0.00515364    0.0328926
    0.0377021    0.0336068    0.0391532
     0.919000    0.0364706   0.00512281    0.0414754   0.00512281    0.0362599
    0.0401527    0.0369549    0.0415924
     0.920000    0.0402873   0.00509189    0.0445902   0.00509189    0.0397488
    0.0427977    0.0404341    0.0442098
     0.921000    0.0462109   0.00506086    0.0487781   0.00506086    0.0461878
    0.0480501    0.0468708    0.0494089
     0.922000    0.0535999   0.00503442    0.0536591   0.00503442    0.0543311
    0.0554716    0.0550468    0.0567506
     0.923000    0.0621370   0.00500789    0.0588200   0.00500789    0.0621652
    0.0625579    0.0629161    0.0637469
     0.924000    0.0729582   0.00498128    0.0655228   0.00498128    0.0716517
    0.0715998    0.0724373    0.0726968
     0.925000    0.0836031   0.00501579    0.0719813   0.00501579    0.0820684
    0.0816623    0.0828712    0.0826844
     0.926000    0.0905675   0.00505040    0.0764980   0.00505040    0.0851133
    0.0842058    0.0858885    0.0852068
     0.927000    0.0997585   0.00508514    0.0830405   0.00508514    0.0941532
    0.0921650    0.0949006    0.0931245
     0.928000     0.115287   0.00509881    0.0943924   0.00509881     0.108379
     0.103766     0.108970     0.104663
     0.929000     0.133123   0.00511253     0.106438   0.00511253     0.129236
     0.119201     0.129585     0.120018
     0.930000     0.147668   0.00512630     0.115400   0.00512630     0.146998
     0.131821     0.147133     0.132588
     0.931000     0.161269   0.00513041     0.122211   0.00513041     0.159723
     0.139417     0.159683     0.140123
     0.932000     0.176141   0.00513455     0.130170   0.00513455     0.175161
     0.148467     0.174959     0.149099
     0.933000     0.191781   0.00513869     0.138776   0.00513869     0.189653
     0.157805     0.189400     0.158400
     0.934000     0.215113   0.00512936     0.151733   0.00512936     0.208718
     0.168297     0.208352     0.168796
     0.935000     0.241770   0.00512000     0.166714   0.00512000     0.235615
     0.183420     0.235215     0.183792
     0.936000     0.258758   0.00511060     0.176885   0.00511060     0.250978
     0.191994     0.250644     0.192314
     0.937000     0.262309   0.00511545     0.179710   0.00511545     0.250747
     0.191964     0.250509     0.192321
     0.938000     0.260670   0.00512034     0.180286   0.00512034     0.250556
     0.191949     0.250416     0.192343
     0.939000     0.258003   0.00512523     0.179611   0.00512523     0.253391
     0.193472     0.253352     0.193890
     0.940000     0.246788   0.00507978     0.174060   0.00507978     0.243349
     0.188183     0.243392     0.188686
     0.941000     0.221418   0.00503418     0.159310   0.00503418     0.216445
     0.172721     0.216522     0.173361
     0.942000     0.189987   0.00498842     0.140532   0.00498842     0.182236
     0.153817     0.182473     0.154649
     0.943000     0.157885   0.00500780     0.120327   0.00500780     0.148011
     0.131655     0.148419     0.132584
     0.944000     0.129929   0.00502724     0.102253   0.00502724     0.123843
     0.115357     0.124488     0.116359
     0.945000     0.111297   0.00504676    0.0900619   0.00504676     0.104386
    0.0999754     0.105129     0.101004
     0.946000    0.0968235   0.00508051    0.0808862   0.00508051    0.0870906
    0.0855617    0.0879460    0.0866480
     0.947000    0.0789995   0.00511438    0.0695656   0.00511438    0.0596964
    0.0597860    0.0604796    0.0610124
     0.948000    0.0685953   0.00514836    0.0632732   0.00514836    0.0532678
    0.0540151    0.0540438    0.0552706
     0.949000    0.0725284   0.00513287    0.0655272   0.00513287    0.0621029
    0.0627025    0.0629492    0.0639062
     0.950000    0.0742806   0.00511731    0.0655235   0.00511731    0.0650446
    0.0656887    0.0659262    0.0668729
     0.951000    0.0635450   0.00510172    0.0579360   0.00510172    0.0492980
    0.0504476    0.0500720    0.0517368
     0.952000    0.0553377   0.00504978    0.0524292   0.00504978    0.0414027
    0.0434492    0.0421328    0.0447920
     0.953000    0.0585030   0.00499767    0.0551988   0.00499767    0.0495480
    0.0506797    0.0503235    0.0519634
     0.954000    0.0620627   0.00494538    0.0584259   0.00494538    0.0562714
    0.0571374    0.0571092    0.0583682
     0.955000    0.0588036   0.00494623    0.0560663   0.00494623    0.0522243
    0.0532902    0.0530328    0.0545532
     0.956000    0.0508863   0.00494708    0.0502156   0.00494708    0.0450728
    0.0466218    0.0458278    0.0479406
     0.957000    0.0434104   0.00494793    0.0444317   0.00494793    0.0376895
    0.0399254    0.0384024    0.0412893
     0.958000    0.0385282   0.00493222    0.0408918   0.00493222    0.0342433
    0.0370918    0.0349499    0.0384750
     0.959000    0.0337295   0.00491647    0.0377779   0.00491647    0.0312990
    0.0347124    0.0320070    0.0361023
     0.960000    0.0274064   0.00490065    0.0336454   0.00490065    0.0247730
    0.0297216    0.0254957    0.0310936
     0.961000    0.0215490   0.00486420    0.0295175   0.00486420    0.0203455
    0.0265460    0.0210864    0.0278691
     0.962000    0.0177061   0.00482762    0.0258988   0.00482762    0.0166390
    0.0238541    0.0173847    0.0251004
     0.963000    0.0151079   0.00479091    0.0229446   0.00479091    0.0137156
    0.0213961    0.0144306    0.0225395
     0.964000    0.0137064   0.00477070    0.0209494   0.00477070    0.0122842
    0.0199668    0.0129654    0.0210457
     0.965000    0.0128412   0.00475042    0.0196494   0.00475042    0.0113101
    0.0188452    0.0119547    0.0198728
     0.966000    0.0121279   0.00473007    0.0183714   0.00473007    0.0108279
    0.0182145    0.0114506    0.0192156
     0.967000    0.0111469   0.00472437    0.0174699   0.00472437    0.0106395
    0.0179527    0.0112537    0.0189435
     0.968000    0.0102328   0.00471864    0.0171677   0.00471864    0.0106364
    0.0179421    0.0112512    0.0189331
     0.969000   0.00992600   0.00471291    0.0171380   0.00471291    0.0103678
    0.0175627    0.0109699    0.0185390
     0.970000    0.0102079   0.00470188    0.0172140   0.00470188   0.00972184
    0.0166084    0.0102908    0.0175489
     0.971000    0.0104190   0.00469084    0.0168070   0.00469084   0.00928960
    0.0159556   0.00983582    0.0168723
     0.972000    0.0110350   0.00467973    0.0170828   0.00467973   0.00955507
    0.0163417    0.0101164    0.0172729
     0.973000    0.0116261   0.00464455    0.0178306   0.00464455   0.00989464
    0.0168439    0.0104751    0.0177939
     0.974000    0.0115636   0.00460923    0.0180098   0.00460923   0.00992987
    0.0168866    0.0105130    0.0178385
     0.975000    0.0112802   0.00457378    0.0178968   0.00457378    0.0100076
    0.0169967    0.0105955    0.0179532
     0.976000    0.0109947   0.00455781    0.0179860   0.00455781    0.0103091
    0.0174063    0.0109136    0.0183801
     0.977000    0.0108383   0.00454176    0.0182706   0.00454176    0.0104485
    0.0175890    0.0110609    0.0185712
     0.978000    0.0107669   0.00452566    0.0184602   0.00452566    0.0103285
    0.0174229    0.0109355    0.0183984
     0.979000    0.0106702   0.00451024    0.0185520   0.00451024    0.0102764
    0.0173479    0.0108813    0.0183206
     0.980000    0.0108420   0.00449475    0.0182353   0.00449475   0.00991974
    0.0168490    0.0105063    0.0178010
     0.981000    0.0106666   0.00447922    0.0177095   0.00447922   0.00930748
    0.0159308   0.00986084    0.0168472
     0.982000    0.0106349   0.00446085    0.0172225   0.00446085   0.00855008
    0.0146910   0.00906368    0.0155655
     0.983000   0.00960789   0.00444243    0.0156225   0.00444243   0.00788783
    0.0135445   0.00837018    0.0143866
     0.984000   0.00896057   0.00442392    0.0145248   0.00442392   0.00757909
    0.0129928   0.00804797    0.0138207
     0.985000   0.00797105   0.00440031    0.0138201   0.00440031   0.00761715
    0.0130582   0.00808770    0.0138867
     0.986000   0.00764171   0.00437659    0.0134490   0.00437659   0.00745012
    0.0127486   0.00791381    0.0135693
     0.987000   0.00791696   0.00435279    0.0133425   0.00435279   0.00703937
    0.0119874   0.00748715    0.0127920
     0.988000   0.00850904   0.00433073    0.0136741   0.00433073   0.00645260
    0.0108470   0.00688078    0.0116334
     0.989000   0.00888888   0.00430858    0.0136857   0.00430858   0.00623084
    0.0104328   0.00665173    0.0112122
     0.990000   0.00985095   0.00428635    0.0142800   0.00428635   0.00643410
    0.0108422   0.00686046    0.0116249
     0.991000    0.0102784   0.00427315    0.0140803   0.00427315   0.00670567
    0.0113720   0.00714056    0.0121610
     0.992000   0.00964421   0.00425990    0.0140334   0.00425990   0.00689532
    0.0117493   0.00733653    0.0125430
     0.993000   0.00927749   0.00424659    0.0134154   0.00424659   0.00698640
    0.0119291   0.00743073    0.0127248
     0.994000   0.00946589   0.00422892    0.0133668   0.00422892   0.00695005
    0.0118649   0.00739279    0.0126581
     0.995000   0.00882284   0.00421117    0.0141935   0.00421117   0.00685650
    0.0116891   0.00729554    0.0124778
     0.996000   0.00849943   0.00419337    0.0139052   0.00419337   0.00687913
    0.0117368   0.00731882    0.0125252
     0.997000   0.00817813   0.00417510    0.0131099   0.00417510   0.00711989
    0.0121998   0.00756875    0.0129961
     0.998000   0.00859977   0.00415675    0.0134474   0.00415675   0.00736314
    0.0126487   0.00782218    0.0134542
     0.999000   0.00853057   0.00413832    0.0142860   0.00413832   0.00743634
    0.0127854   0.00789858    0.0135933
 
Retrieved cloud opacity profiles (opacity/bar)
Columns are
Pressure (bar), cloud1, cloud1_fractional_error, cloud2, cloud2_fractional_error
      10.7469      10.9124     0.828096      226.633     0.832475
      9.02786      15.7500     0.776861      186.311     0.782741
      7.70670      22.8467     0.714425      152.744     0.722252
      6.90035      30.0244     0.657797      131.044     0.667619
      6.15124      39.8011     0.582228      109.858     0.595022
      5.62590      49.3033     0.506637      94.3278     0.522222
      5.13064      55.9233     0.411754      71.2689     0.434988
      4.51606      39.3422     0.279253      33.1011     0.323635
      4.08816      13.4333     0.299901      12.4156     0.323304
      3.56019      3.51433     0.396472      3.83844     0.395675
      3.19490      1.73622     0.442871      2.01500     0.434497
      2.85504      1.19256     0.465695      1.41956     0.453828
      2.44001      1.17144     0.456711      1.40756     0.443377
      2.12497      1.87878     0.407339      2.23878     0.394590
      1.84771      5.18567     0.307429      5.99267     0.297308
      1.60054      22.5011     0.106805      22.1400     0.116049
      1.32237      12.8678     0.163665      13.4100     0.165598
      1.12372      2.41167     0.254527      2.85533     0.245377
     0.947104     0.676667     0.296617     0.814100     0.292743
     0.785997     0.230833     0.382946     0.283844     0.396735
     0.654904     0.107660     0.480215     0.136589     0.510868
     0.544204    0.0616100     0.571282    0.0766533     0.612672
     0.453196    0.0410111     0.648036    0.0466511     0.692898
     0.313797    0.0256478     0.767015    0.0205233     0.803043
     0.238096    0.0215056     0.827486    0.0130189     0.850491
     0.180496    0.0200333     0.871215    0.0104640     0.877708
     0.150198    0.0199867     0.893318    0.0107420     0.887099
     0.124903    0.0205044     0.911401    0.0125900     0.890477
    0.0947996    0.0221911     0.932355    0.0198511     0.885145
    0.0753003    0.0244511     0.945651    0.0340422     0.870847
    0.0598997    0.0275056     0.956090    0.0638278     0.846758
    0.0474996    0.0315422     0.964492     0.126889     0.810727
    0.0378001    0.0366411     0.971162     0.252611     0.762349
    0.0300000    0.0432211     0.976632     0.499067     0.699684
    0.0238004    0.0516833     0.981167     0.956300     0.626291
    0.0213004    0.0566222     0.983065      1.29167     0.592146
    0.0168999    0.0691489     0.986551      2.36311     0.531221
    0.0134000    0.0860156     0.989563      4.31878     0.526666
    0.0107003     0.108388     0.992086      8.14111     0.613102
 
Imaginary refractive index retrievals : 
Columns are:
Wavelength(micron),n_imag_1, err_n_imag_1,n_imag_2,err_nimag_1
     0.500000  0.000560820  1.53630e-05  0.000555170  1.51960e-05
     0.600000  0.000563150  2.72910e-05  0.000554030  2.59670e-05
     0.700000   0.00249280  8.31530e-05   0.00245170  8.33630e-05
     0.800000   0.00421410  0.000132880   0.00427610  0.000131980
     0.900000   0.00292360  0.000299060   0.00303590  0.000293250
      1.00000   0.00988650  0.000966820   0.00944000  0.000973170
