Data plotted in Fig.10
Reflectivity data
Number of wavelengths =      322
Columns are:
wavelength(micron),Rmeas,errmeas(0),mod1,mod2
      1.65200   0.00268947   0.00228228   0.00228311
      1.65500   0.00232756   0.00236209   0.00235881
      1.65700   0.00279538   0.00302225   0.00300224
      1.65900   0.00286061   0.00298551   0.00296557
      1.66100   0.00319225   0.00312533   0.00310326
      1.66300   0.00293835   0.00282096   0.00280387
      1.66500   0.00217226   0.00157199   0.00159556
      1.66700   0.00279359   0.00235565   0.00235934
      1.66900   0.00381469   0.00428291   0.00425493
      1.67200   0.00360467   0.00445294   0.00442527
      1.67400   0.00374942   0.00412380   0.00409537
      1.67600   0.00396900   0.00426427   0.00423803
      1.67800   0.00386016   0.00429656   0.00427153
      1.68000   0.00450503   0.00489526   0.00487858
      1.68200   0.00475799   0.00524461   0.00523912
      1.68400   0.00467451   0.00561384   0.00562518
      1.68600   0.00497267   0.00527535   0.00527488
      1.68800   0.00466270   0.00507923   0.00507221
      1.69100   0.00412088   0.00478843   0.00477304
      1.69300   0.00367757   0.00339366   0.00336947
      1.69500   0.00313146   0.00335597   0.00333076
      1.69700   0.00314694   0.00352137   0.00349556
      1.69900   0.00291369   0.00327456   0.00325227
      1.70100   0.00276562   0.00321842   0.00319750
      1.70300   0.00227948   0.00214107   0.00213975
      1.70500   0.00173942   0.00152519   0.00154534
      1.70800   0.00112254  0.000943393  0.000985718
      1.71000   0.00114067  0.000875271  0.000920625
      1.71200   0.00138920   0.00147332   0.00149204
      1.71400   0.00164482   0.00157148   0.00158256
      1.71600   0.00202480   0.00219311   0.00218427
      1.71800   0.00194617   0.00204767   0.00204466
      1.72000   0.00147279   0.00162569   0.00163791
      1.72200   0.00114115   0.00110698   0.00114116
      1.72400   0.00120806   0.00118427   0.00121721
      1.72700   0.00168320   0.00157577   0.00158922
      1.72900   0.00247509   0.00228428   0.00227647
      1.73100   0.00254049   0.00295271   0.00293399
      1.73300   0.00346777   0.00361341   0.00359361
      1.73500   0.00342099   0.00360947   0.00358939
      1.73700   0.00424976   0.00460372   0.00459772
      1.73900   0.00433396   0.00421736   0.00420455
      1.74100   0.00459293   0.00477250   0.00477085
      1.74400   0.00462044   0.00496189   0.00496812
      1.74600   0.00492118   0.00540704   0.00543947
      1.74800   0.00400625   0.00423349   0.00421991
      1.75000   0.00427778   0.00437561   0.00436411
      1.75200   0.00454703   0.00495978   0.00496742
      1.75400   0.00338747   0.00337708   0.00335115
      1.75600   0.00382547   0.00371506   0.00368939
      1.75800   0.00406693   0.00458562   0.00458312
      1.76100   0.00360119   0.00400209   0.00398288
      1.76300   0.00354771   0.00385169   0.00382930
      1.76500   0.00337228   0.00332410   0.00329925
      1.76700   0.00328190   0.00289410   0.00287190
      1.76900   0.00280127   0.00283259   0.00280997
      1.77100   0.00236176   0.00206365   0.00205587
      1.77300   0.00241821   0.00214977   0.00213922
      1.77500   0.00180280   0.00166572   0.00166777
      1.77700   0.00178158   0.00173562   0.00173922
      1.78000   0.00244451   0.00193209   0.00192786
      1.78200   0.00250480   0.00214512   0.00213261
      1.78400   0.00190554   0.00178394   0.00178163
      1.78600   0.00256540   0.00209942   0.00208895
      1.78800   0.00309222   0.00285289   0.00283038
      1.79000   0.00152069   0.00131345   0.00132913
      1.79200   0.00245424   0.00192087   0.00191889
      1.79400   0.00341243   0.00308679   0.00306768
      1.79700   0.00338920   0.00333274   0.00330914
      1.79900   0.00369406   0.00301068   0.00298601
      1.80100   0.00438322   0.00397218   0.00395537
      1.80300   0.00370273   0.00382154   0.00380082
      1.80500   0.00434475   0.00385330   0.00383325
      1.80700   0.00429960   0.00328982   0.00326689
      1.80900   0.00485791   0.00430290   0.00429784
      1.81100   0.00488566   0.00419416   0.00418758
      1.81300   0.00486726   0.00418004   0.00417429
      1.81600   0.00527520   0.00550860   0.00561488
      1.88300   0.00499425   0.00506432   0.00522574
      1.88600   0.00481404   0.00502010   0.00517424
      1.88800   0.00494356   0.00501120   0.00517219
      1.89000   0.00520772   0.00497756   0.00512819
      1.89200   0.00497165   0.00494073   0.00507999
      1.89400   0.00507110   0.00493948   0.00509004
      1.89600   0.00480881   0.00489322   0.00502514
      1.89800   0.00480796   0.00483456   0.00494854
      1.90000   0.00474170   0.00483513   0.00496123
      1.90200   0.00491977   0.00477607   0.00488253
      1.90500   0.00566325   0.00470725   0.00479906
      1.90700   0.00523505   0.00461524   0.00468603
      1.90900   0.00476193   0.00451254   0.00456411
      1.91100   0.00466375   0.00452362   0.00457919
      1.91300   0.00485331   0.00424639   0.00426588
      1.91500   0.00498143   0.00431923   0.00434669
      1.91700   0.00460346   0.00435322   0.00438706
      1.91900   0.00483087   0.00422325   0.00424240
      1.92200   0.00446805   0.00398249   0.00398572
      1.92400   0.00393816   0.00390702   0.00390589
      1.92600   0.00395336   0.00370742   0.00369658
      1.92800   0.00411155   0.00399673   0.00400087
      1.93000   0.00429583   0.00410624   0.00412045
      1.93200   0.00416578   0.00400616   0.00401335
      1.93400   0.00408620   0.00399919   0.00400613
      1.93600   0.00410323   0.00393075   0.00393278
      1.93800   0.00391893   0.00395480   0.00395877
      1.94100   0.00397331   0.00379221   0.00378637
      1.94300   0.00351821   0.00366145   0.00365011
      1.94500   0.00345000   0.00363670   0.00362515
      1.94700   0.00343229   0.00355424   0.00354085
      1.94900   0.00345470   0.00363414   0.00362333
      1.95100   0.00348560   0.00367660   0.00366693
      1.95300   0.00331273   0.00358647   0.00357390
      1.95500   0.00324019   0.00346068   0.00344525
      1.95800   0.00340716   0.00345548   0.00344039
      1.96000   0.00328908   0.00340009   0.00338426
      1.96200   0.00312546   0.00335428   0.00333796
      1.96400   0.00303229   0.00323906   0.00322128
      1.96600   0.00314556   0.00326937   0.00325242
      1.96800   0.00323677   0.00327080   0.00325405
      1.97000   0.00319118   0.00326249   0.00324572
      1.97200   0.00306694   0.00326061   0.00324389
      1.97500   0.00319519   0.00324338   0.00322659
      1.97700   0.00321022   0.00323894   0.00322220
      1.97900   0.00325222   0.00324352   0.00322688
      1.98100   0.00337066   0.00323373   0.00321709
      1.98300   0.00339394   0.00320455   0.00318776
      1.98500   0.00335045   0.00320088   0.00318417
      1.98700   0.00336882   0.00318120   0.00316450
      1.98900   0.00342226   0.00315073   0.00313399
      1.99100   0.00339174   0.00311416   0.00309739
      1.99400   0.00323350   0.00306797   0.00305128
      1.99600   0.00328419   0.00303027   0.00301363
      1.99800   0.00320669   0.00298335   0.00296674
      2.00000   0.00306865   0.00294508   0.00292860
      2.00200   0.00299384   0.00290316   0.00288699
      2.00400   0.00288041   0.00285930   0.00284350
      2.00600   0.00300685   0.00281197   0.00279650
      2.00800   0.00288574   0.00276653   0.00275142
      2.01100   0.00276827   0.00269545   0.00268110
      2.01300   0.00276496   0.00264761   0.00263385
      2.01500   0.00267779   0.00259886   0.00258568
      2.01700   0.00254974   0.00254878   0.00253624
      2.01900   0.00252349   0.00249813   0.00248630
      2.02100   0.00252024   0.00244811   0.00243702
      2.02300   0.00237034   0.00239583   0.00238554
      2.02500   0.00230789   0.00234359   0.00233408
      2.02700   0.00221550   0.00229002   0.00228139
      2.03000   0.00218163   0.00220856   0.00220125
      2.03200   0.00215990   0.00215474   0.00214835
      2.03400   0.00205399   0.00209791   0.00209251
      2.03600   0.00193359   0.00204238   0.00203786
      2.03800   0.00189040   0.00198480   0.00198131
      2.04000   0.00188850   0.00192816   0.00192554
      2.04200   0.00181694   0.00187041   0.00186880
      2.04400   0.00170806   0.00181339   0.00181265
      2.04700   0.00162233   0.00172900   0.00172962
      2.04900   0.00156133   0.00167546   0.00167681
      2.05100   0.00151359   0.00162365   0.00162578
      2.05300   0.00148150   0.00157495   0.00157769
      2.05500   0.00147103   0.00153171   0.00153498
      2.05700   0.00130537   0.00149144   0.00149521
      2.05900   0.00130096   0.00145676   0.00146088
      2.06100   0.00130084   0.00142466   0.00142907
      2.06400   0.00126123   0.00138017   0.00138500
      2.06600   0.00127178   0.00135193   0.00135701
      2.06800   0.00125126   0.00131972   0.00132504
      2.07000   0.00123333   0.00128909   0.00129460
      2.07200   0.00117442   0.00125181   0.00125754
      2.07400   0.00113136   0.00121550   0.00122144
      2.07600   0.00111107   0.00117476   0.00118088
      2.07800   0.00104009   0.00113385   0.00114008
      2.08000   0.00101051   0.00109176   0.00109802
      2.08300   0.00104266   0.00102898   0.00103516
      2.08500  0.000976372  0.000985993  0.000992022
      2.08700  0.000883115  0.000946056  0.000951847
      2.08900  0.000825235  0.000906766  0.000912230
      2.09100  0.000855284  0.000870075  0.000875141
      2.09300  0.000817502  0.000836233  0.000840848
      2.09500  0.000748139  0.000804960  0.000809079
      2.09700  0.000722265  0.000777447  0.000781073
      2.10000  0.000688217  0.000742583  0.000745470
      2.10200  0.000673360  0.000724758  0.000727252
      2.10400  0.000673497  0.000710081  0.000712242
      2.10600  0.000575169  0.000698344  0.000700219
      2.10800  0.000569682  0.000690626  0.000692322
      2.11000  0.000588619  0.000683875  0.000685419
      2.11200  0.000640809  0.000682001  0.000683547
      2.11400  0.000569033  0.000679949  0.000681491
      2.11600  0.000623790  0.000683854  0.000685574
      2.11900  0.000581436  0.000691368  0.000693404
      2.12100  0.000527260  0.000701534  0.000703894
      2.12300  0.000670189  0.000713393  0.000716098
      2.12500  0.000649706  0.000728228  0.000731337
      2.12700  0.000696565  0.000745266  0.000748792
      2.12900  0.000768693  0.000761822  0.000765704
      2.13100  0.000838541  0.000779102  0.000783312
      2.13300  0.000875470  0.000794454  0.000798936
      2.13600  0.000824581  0.000810167  0.000814917
      2.13800  0.000869645  0.000815201  0.000820037
      2.14000  0.000871742  0.000816647  0.000821512
      2.14200  0.000842334  0.000810184  0.000815061
      2.14400  0.000897664  0.000801433  0.000806253
      2.14600  0.000797420  0.000796173  0.000800895
      2.14800  0.000758134  0.000769358  0.000774041
      2.15000  0.000900606  0.000745008  0.000749617
      2.15300  0.000771954  0.000722441  0.000726571
      2.15500  0.000666926  0.000672915  0.000677036
      2.15700  0.000691289  0.000663004  0.000666762
      2.15900  0.000725371  0.000601150  0.000605098
      2.16100  0.000566592  0.000552654  0.000557614
      2.16300  0.000622640  0.000537566  0.000542204
      2.16500  0.000514510  0.000533919  0.000537558
      2.16700  0.000465015  0.000449353  0.000455827
      2.16900  0.000530130  0.000427900  0.000434896
      2.17200  0.000436021  0.000353574  0.000364960
      2.17400  0.000425532  0.000306440  0.000322431
      2.17600  0.000448956  0.000305996  0.000320909
      2.17800  0.000318867  0.000288516  0.000304602
      2.18000  0.000327052  0.000327134  0.000337764
      2.18200  0.000362590  0.000320796  0.000331238
      2.18400  0.000264299  0.000312301  0.000322873
      2.18600  0.000308315  0.000341132  0.000346063
      2.18900  0.000276618  0.000328411  0.000333397
      2.19100  0.000378878  0.000336965  0.000339077
      2.19300  0.000387411  0.000343231  0.000343691
      2.19500  0.000283802  0.000312485  0.000316465
      2.19700  0.000266081  0.000279358  0.000288623
      2.19900  0.000209371  0.000275498  0.000284684
      2.20100  9.60658e-05  0.000159371  0.000187554
      2.20300  0.000129693  0.000115448  0.000149736
      2.20500  0.000103467  0.000198283  0.000220779
      2.20800  0.000187725  0.000296012  0.000298028
      2.21000  0.000184495  0.000299301  0.000300489
      2.21200  0.000178448  0.000294487  0.000296191
      2.21400  0.000200096  0.000270605  0.000276973
      2.21600  0.000230430  0.000270083  0.000276433
      2.21800  0.000256032  0.000249835  0.000260596
      2.22000  0.000133413  0.000247725  0.000259057
      2.22200  7.03738e-05  0.000233645  0.000247994
      2.22500  0.000243045  0.000246856  0.000258881
      2.22700  0.000262835  0.000253173  0.000264359
      2.22900  0.000234994  0.000261051  0.000271514
      2.23100  0.000248690  0.000258447  0.000270243
      2.23300  0.000261264  0.000264073  0.000276002
      2.23500  0.000324694  0.000273272  0.000285248
      2.23700  0.000325939  0.000276291  0.000289154
      2.23900  0.000301813  0.000315103  0.000324922
      2.24100  0.000405146  0.000349119  0.000357845
      2.24400  0.000531301  0.000346536  0.000357554
      2.24600  0.000462557  0.000361369  0.000372772
      2.24800  0.000461216  0.000378317  0.000389880
      2.25000  0.000486904  0.000384294  0.000396200
      2.25200  0.000547213  0.000317336  0.000333653
      2.25400  0.000474371  0.000309280  0.000327111
      2.25600  0.000514838  0.000317106  0.000334793
      2.25800  0.000568633  0.000410578  0.000423159
      2.26100  0.000481674  0.000337841  0.000354848
      2.26300  0.000671951  0.000229748  0.000252375
      2.26500  0.000692280  0.000327990  0.000345851
      2.26700  0.000589709  0.000277011  0.000296529
      2.26900  0.000368966  0.000193836  0.000217629
      2.27100  0.000488799  0.000193292  0.000217012
      2.27300  0.000512920  0.000226733  0.000249527
      2.27500  0.000274536  0.000162881  0.000189208
      2.27800  0.000517827  0.000152978  0.000179867
      2.28000  0.000543553  0.000163119  0.000189741
      2.28200  0.000376894  0.000101714  0.000130710
      2.28400  0.000215866  0.000101133  0.000130068
      2.28600  0.000272846  0.000126646  0.000154436
      2.28800  0.000249978  0.000126637  0.000154764
      2.29000  0.000103429  0.000103479  0.000133313
      2.29200  9.87156e-05  0.000102859  0.000132636
      2.29400  5.80610e-05  9.79546e-05  0.000127241
      2.29700  0.000250916  0.000108932  0.000137296
      2.29900  0.000149824  9.03570e-05  0.000117836
      2.30100  0.000165035  6.08593e-05  9.01718e-05
      2.30300  0.000197080  6.29847e-05  9.25663e-05
      2.30500  0.000125547  6.27334e-05  9.22434e-05
      2.30700  0.000101401  5.27925e-05  8.37636e-05
      2.30900  8.99947e-05  9.79565e-05  0.000127552
      2.31100  0.000165989  0.000176201  0.000199551
      2.31400  0.000217165  0.000136617  0.000164006
      2.31600  4.61318e-05  0.000135605  0.000162952
      2.31800  0.000135100  6.64582e-05  9.61134e-05
      2.32000  0.000214577  8.39929e-05  0.000110405
      2.32200  8.41758e-05  0.000126188  0.000152350
      2.32400  0.000159681  0.000125229  0.000151349
      2.32600  0.000161273  0.000119485  0.000147163
      2.32800  0.000168820  9.78194e-05  0.000126565
      2.33000  0.000168246  9.78751e-05  0.000126445
      2.33300  0.000184725  9.41573e-05  0.000121476
      2.33500  0.000116714  9.35847e-05  0.000120846
      2.33700  0.000198243  0.000121857  0.000146314
      2.33900  0.000150557  0.000117333  0.000141372
      2.34100  0.000205323  0.000137123  0.000159217
      2.34300  0.000209548  0.000135940  0.000157991
      2.34500  8.90262e-05  0.000154562  0.000175367
      2.34700  5.33602e-07  0.000100809  0.000124768
      2.35000 -2.03117e-06  9.99377e-05  0.000125094
      2.35200 -2.34226e-05  9.86875e-05  0.000123161
      2.35400  1.47852e-05  9.80951e-05  0.000122522
      2.35600  4.01427e-05  7.94204e-05  0.000105573
      2.35800 -9.73145e-06  9.28654e-05  0.000119817
      2.36000  1.62638e-05  0.000112417  0.000138796
      2.36200  2.82862e-05  0.000111754  0.000138083
      2.36400  8.90928e-06  0.000117478  0.000142230
      2.36700 -4.25077e-05  0.000109258  0.000133306
      2.36900 -2.50510e-05  6.75723e-05  9.37209e-05
      2.37100  2.16894e-05  6.72893e-05  9.33749e-05
      2.37300  4.19453e-06  7.26025e-05  9.71430e-05
      2.37500  9.23525e-06  0.000108157  0.000131668
      2.37700 -5.51697e-05  0.000115297  0.000139187
      2.37900  0.000132047  0.000114696  0.000138529
      2.38100  0.000175654  0.000111422  0.000135917
      2.38300  6.49627e-05  0.000121361  0.000143690
      2.38600  1.70619e-05  0.000134488  0.000155364
      2.38800  0.000268420  0.000133999  0.000154815
      2.39000  0.000275850  0.000127151  0.000147249
      2.39200  0.000230805  0.000141497  0.000160432
      2.39400  0.000229109  0.000188073  0.000201857
      2.39600  0.000262589  0.000188266  0.000202020
      2.39800  0.000480890  0.000218570  0.000228809
 
Retrieved cloud opacity profiles (opacity/bar)
Columns are
Pressure (bar), cloud1, cloud1_fractional_error, cloud2, cloud2_fractional_error
      10.1300     0.175909     0.988837      16.6009     0.982476
      7.94962     0.182636     0.984470      14.4682     0.975683
      6.23856     0.190864     0.978519      12.3091     0.966248
      4.89573     0.201018     0.970197      10.1791     0.953023
      3.84201     0.213636     0.958596      8.14255     0.934463
      3.01509     0.229482     0.942321      6.26309     0.908221
      2.36606     0.249627     0.919334      4.60045     0.870645
      1.85683     0.275564     0.886613      3.19682     0.815584
      1.45710     0.309591     0.839201      2.08936     0.732890
      1.14347     0.355227     0.770569      1.34855     0.626035
     0.897386     0.412245     0.679317     0.918545     0.533828
     0.704228     0.490445     0.576563     0.730709     0.477780
     0.552652     0.693882     0.480656     0.817064     0.441904
     0.433696      1.33164     0.402007      1.36900     0.404947
     0.340348      3.20664     0.332492      3.02118     0.346824
     0.267098      6.61382     0.270137      6.13809     0.278307
     0.209600      6.96355     0.281466      6.92282     0.281428
     0.164491      4.70336     0.348087      4.87945     0.346686
     0.129087      3.01427     0.409265      3.20655     0.403975
     0.101300      2.09373     0.464678      2.28018     0.450801
    0.0794962      1.62064     0.518837      1.79927     0.496670
    0.0623856      1.40645     0.566356      1.56891     0.540735
    0.0489573      1.37136     0.601498      1.49845     0.579409
    0.0384201      1.50227     0.621240      1.55073     0.610857
    0.0301509      1.84455     0.624199      1.71827     0.634623
    0.0236606      2.51964     0.609107      2.01282     0.650648
    0.0185683      3.75118     0.575091      2.45918     0.658571
    0.0145710      5.83100     0.524267      3.09318     0.658075
    0.0114347      8.79273     0.469262      3.96436     0.649009
   0.00897386      11.5982     0.442554      5.13573     0.631813
   0.00704227      12.1936     0.478625      6.67500     0.607926
   0.00552652      10.1118     0.565225      8.63727     0.580476
   0.00433696      7.13045     0.662523      11.0327     0.554878
   0.00340348      4.67900     0.747382      13.7864     0.539110
   0.00267098      3.04136     0.814198      16.7236     0.542107
   0.00209600      2.02336     0.864582      19.6000     0.570269
   0.00164491      1.39755     0.901776      22.1755     0.623499
   0.00129087      1.00573     0.929133      24.3018     0.695533
   0.00101300     0.753336     0.949003      25.9473     0.776855
