Data plotted in Fig.5
      43          39       ! Number of wavelengths and number of pressure levels
Wavelengths(microns):
     0.350000     0.400000     0.450000     0.500000     0.550000     0.600000
     0.650000     0.700000     0.750000     0.800000     0.850000     0.900000
     0.950000      1.00000      1.05000      1.10000      1.15000      1.20000
      1.25000      1.30000      1.35000      1.40000      1.45000      1.50000
      1.55000      1.60000      1.65000      1.70000      1.75000      1.80000
      1.85000      1.90000      1.95000      2.00000      2.05000      2.10000
      2.15000      2.20000      2.25000      2.30000      2.35000      2.40000
      2.45000
 
Pressure levels (bar)
      9.43154      7.46135      5.90265      4.66963      3.69411      2.92240
      2.31197      1.82897      1.44687      1.14459     0.905521     0.716353
     0.566713     0.448323     0.354672     0.280581     0.221969     0.175593
     0.138913     0.109900    0.0869387    0.0687776    0.0544092    0.0430434
    0.0340520    0.0269387    0.0213105    0.0168594    0.0133372    0.0105514
   0.00834692   0.00660324   0.00522384   0.00413253   0.00326925   0.00258629
   0.00204606   0.00161867   0.00128053
 
Cloud opacity/bar values : 
      9.19785      19.7014      26.9680      16.2569      11.3116      9.01361
      3.08308      1.57248      1.68734      2.18340      1.38960      1.26694
     0.905927     0.660258     0.990494     0.748389     0.264130     0.302487
     0.538583     0.416738     0.212076     0.138380     0.150792     0.166880
     0.321468     0.110700     0.105989    0.0699971    0.0827224    0.0682536
    0.0689686    0.0634052    0.0594194    0.0562567    0.0506727    0.0477544
    0.0423524    0.0389133    0.0387530    0.0372830    0.0715172    0.0570489
    0.0304883
      8.25108      25.5536      41.5560      23.8427      16.9259      13.5493
      3.63353      1.60726      1.92640      3.00950      1.73496      1.63672
      1.10572     0.762900      1.34433     0.961632     0.250345     0.330373
     0.632600     0.464275     0.231090     0.135833     0.156288     0.189378
     0.370711     0.115300     0.114013    0.0702953    0.0821023    0.0680161
    0.0686259    0.0627418    0.0603302    0.0567903    0.0518388    0.0481707
    0.0426198    0.0390906    0.0391723    0.0376901    0.0715244    0.0571285
    0.0318051
      7.04205      23.7782      26.5262      18.5310      16.9438      13.1360
      4.28811      1.80396      2.31062      4.36240      2.25352      2.11820
      1.36474     0.915881      1.98633      1.33066     0.233903     0.369237
     0.783902     0.543580     0.257565     0.132620     0.163502     0.223520
     0.442980     0.116820     0.125016    0.0706422    0.0811903    0.0677090
    0.0681924    0.0619101    0.0615047    0.0574670    0.0533551    0.0486993
    0.0429373    0.0392987    0.0397050    0.0382061    0.0715315    0.0572251
    0.0335545
      6.30767      19.9784      15.9101      12.6530      13.2317      10.3457
      4.82841      2.16090      2.76500      5.61710      2.74298      2.52063
      1.58085      1.08199      2.84384      1.79384     0.219934     0.408862
     0.975465     0.653191     0.284420     0.129893     0.170383     0.264280
     0.527276     0.116850     0.136803    0.0710584    0.0805304    0.0674371
    0.0678022    0.0611629    0.0625931    0.0580886    0.0547755    0.0491905
    0.0432423    0.0395030    0.0402037    0.0386822    0.0715458    0.0573161
    0.0352322
      5.83025      16.1455      9.59041      8.38746      9.08724      7.44333
      5.31837      2.91693      3.50312      6.37270      3.18900      2.91240
      1.79284      1.34331      4.44918      2.54528     0.202901     0.466717
      1.36720     0.900969     0.323761     0.126284     0.179770     0.345553
     0.699900     0.124206     0.157689    0.0715023    0.0795110    0.0670770
    0.0672940    0.0602010    0.0640425    0.0589138    0.0566805    0.0498360
    0.0436308    0.0397573    0.0408535    0.0393109    0.0715530    0.0574299
    0.0375435
      5.71349      13.9364      7.03617      6.47996      6.84674      5.79469
      5.35978      3.83604      4.18592      5.67310      3.14256      3.02701
      1.88323      1.63559      6.07843      3.10621     0.188067     0.530160
      2.01719      1.34668     0.366884     0.123135     0.189254     0.485824
      1.01784     0.147600     0.185612    0.0721058    0.0786506    0.0667417
    0.0668166    0.0593003    0.0654575    0.0597060    0.0585615    0.0504581
    0.0440109    0.0400078    0.0414881    0.0399251    0.0715673    0.0575436
    0.0398879
      5.85669      12.4058      5.65253      5.38963      5.39985      4.58016
      4.78700      4.53288      4.37661      3.98660      2.48435      2.68788
      1.80125      1.94911      6.14473      3.07594     0.171036     0.621171
      3.37751      2.29821     0.422183     0.119153     0.202242     0.811497
      1.88574     0.207550     0.223507    0.0726746    0.0774975    0.0663231
    0.0662274    0.0582032    0.0672449    0.0607018    0.0609656    0.0512393
    0.0444788    0.0403123    0.0422815    0.0406919    0.0715744    0.0576801
    0.0429899
      6.35294      11.2047      4.73557      4.63310      4.26725      3.44347
      3.48841      3.77684      3.11729      2.08510      1.39268      1.68870
      1.35688      1.72492      3.17015      2.42023     0.145334     0.759279
      5.37223      3.24584     0.432337     0.112730     0.225848      1.25663
      5.35749     0.360828     0.249855    0.0737775    0.0756117    0.0656119
    0.0652104    0.0563414    0.0704531    0.0624677    0.0653659    0.0526145
    0.0453060    0.0408518    0.0436906    0.0420511    0.0715959    0.0579246
    0.0489267
      6.95336      10.8201      4.44725      4.35607      3.77008      2.85054
      2.61524      2.55557      1.93841      1.30420     0.873558      1.03964
     0.900432     0.874834      1.58598      1.85744     0.123949     0.570225
      2.60346      1.48699     0.268497     0.106674     0.220545     0.444051
      3.68547     0.393736     0.204880    0.0747902    0.0737632    0.0649193
    0.0641061    0.0544314    0.0737300    0.0642391    0.0699677    0.0539945
    0.0461248    0.0413798    0.0451111    0.0434248    0.0716173    0.0581578
    0.0555274
      8.20016      11.0641      4.52850      4.25251      3.43418      2.36852
      1.90331      1.49309      1.08593     0.849680     0.581081     0.615704
     0.489520     0.330811     0.749131      1.05831    0.0996085     0.199130
     0.930240     0.556008     0.106285    0.0967937     0.137342     0.151199
      1.01631     0.233405     0.112198    0.0766492    0.0706473    0.0637193
    0.0629327    0.0518190    0.0798655    0.0674464    0.0789074    0.0565251
    0.0476120    0.0423356    0.0477367    0.0459614    0.0716602    0.0585786
    0.0694203
      9.38875      11.7595      4.75399      4.24563      3.29217      2.15438
      1.61932      1.12465     0.809961     0.695180     0.502203     0.493857
     0.350689     0.221884     0.530998     0.735291    0.0894106     0.113058
     0.614106     0.385295    0.0680110    0.0881025    0.0939031     0.110733
     0.525021     0.173857    0.0781473    0.0785429    0.0676245    0.0625385
    0.0655873    0.0526371    0.0875307    0.0708957    0.0890179    0.0591680
    0.0491410    0.0433068    0.0505134    0.0486471    0.0716960    0.0589994
    0.0868008
      10.7763      12.9581      5.08999      4.27568      3.21740      2.04179
      1.47954     0.959319     0.691009     0.626780     0.491780     0.459434
     0.291895     0.202397     0.453104     0.600516    0.0909460    0.0885405
     0.531487     0.377670    0.0599338    0.0833514    0.0788281     0.118723
     0.351419     0.165343    0.0684593    0.0814355    0.0646871    0.0618514
    0.0787671    0.0604813     0.102449    0.0769912     0.104090    0.0627838
    0.0512006    0.0446056    0.0543592    0.0523649    0.0717460    0.0595510
     0.115881
      12.8075      15.2959      5.60897      4.33678      3.17324      1.97713
      1.40099     0.871228     0.630709     0.593700     0.516532     0.460884
     0.262871     0.217041     0.420715     0.549687     0.107565    0.0869943
     0.521523     0.510515    0.0705825    0.0884241    0.0874455     0.167720
     0.256418     0.206883    0.0791907    0.0874148    0.0645577    0.0673717
     0.128440    0.0877546     0.143679    0.0954207     0.137205    0.0699921
    0.0551943    0.0470760    0.0621718    0.0599203    0.0718318    0.0605689
     0.193839
      14.4890      17.7650      6.04503      4.39169      3.16480      1.96722
      1.38568     0.852505     0.620649     0.591810     0.548166     0.476033
     0.257843     0.240941     0.416375     0.551787     0.132576    0.0994378
     0.536083     0.757838    0.0974391     0.102617     0.118106     0.233114
     0.219484     0.286411     0.111549    0.0948855    0.0699815    0.0850210
     0.228190     0.138480     0.211514     0.130508     0.181083    0.0795767
    0.0603202    0.0501784    0.0728668    0.0702705    0.0719391    0.0617574
     0.336096
      15.8113      20.0546      6.41147      4.44149      3.17513      1.98909
      1.40387     0.867929     0.635968     0.606830     0.582199     0.496035
     0.264519     0.268315     0.421259     0.564227     0.163647     0.121595
     0.546709      1.09355     0.146671     0.123848     0.177043     0.296952
     0.201786     0.384398     0.178309     0.103875    0.0807766     0.124402
     0.398407     0.236028     0.319462     0.199478     0.233123    0.0944517
    0.0679485    0.0546335    0.0900371    0.0869005    0.0720821    0.0632019
     0.607451
      16.5897      21.4353      6.67700      4.48289      3.19657      2.03235
      1.44367     0.905344     0.667956     0.632900     0.615900     0.517646
     0.278833     0.296390     0.429483     0.571518     0.196200     0.151692
     0.545238      1.38079     0.227809     0.149662     0.274432     0.333810
     0.193899     0.448586     0.302240     0.112824    0.0967587     0.203571
     0.576366     0.403200     0.448212     0.319501     0.281147     0.119243
    0.0798254    0.0613317     0.119731     0.115712    0.0722751    0.0647600
      1.01228
      16.9073      21.6445      6.88153      4.52288      3.22890      2.09903
      1.50641     0.966202     0.718751     0.672120     0.655015     0.543945
     0.301741     0.330097     0.440387     0.570447     0.236514     0.199211
     0.531230      1.51600     0.402909     0.187730     0.477006     0.338329
     0.190580     0.448939     0.602097     0.124012     0.126902     0.433546
     0.653954     0.705145     0.556916     0.543956     0.344306     0.180661
     0.105793    0.0760615     0.198850     0.192899    0.0726184    0.0667902
      1.38234
      16.7087      20.5874      6.94992      4.54564      3.25569      2.15680
      1.56145      1.02130     0.764461     0.706040     0.682969     0.563398
     0.322534     0.354879     0.448372     0.561920     0.268367     0.244437
     0.513838      1.40691     0.620097     0.222668     0.692581     0.316474
     0.190977     0.397444     0.929128     0.133397     0.165184     0.830588
     0.556661     0.812969     0.514752     0.642556     0.400142     0.275866
     0.141850    0.0987111     0.342483     0.334773    0.0729902    0.0683142
      1.05774
      16.1520      18.5994      6.93575      4.56060      3.28273      2.21843
      1.62070      1.08258     0.815270     0.742320     0.707997     0.581420
     0.345859     0.377467     0.455317     0.546680     0.301370     0.294547
     0.492476      1.17331     0.866696     0.261271     0.854615     0.281233
     0.193430     0.325508      1.06043     0.143775     0.227713      1.35280
     0.404173     0.652859     0.384805     0.534158     0.428760     0.410232
     0.199313     0.143159     0.627876     0.623734    0.0733906    0.0694004
     0.557147
      15.4037      16.2996      6.86613      4.56926      3.30905      2.28162
      1.68191      1.14800     0.869666     0.779860     0.730448     0.598032
     0.371080     0.398046     0.461203     0.527732     0.340341     0.351717
     0.469974     0.932574      1.04789     0.308783     0.867796     0.244289
     0.197103     0.259054     0.871201     0.158903     0.347517      1.46682
     0.279768     0.428745     0.262145     0.357433     0.393764     0.499717
     0.291583     0.241403      1.03626      1.05653    0.0737767    0.0699235
     0.269078
      14.6772      14.3472      6.77249      4.57336      3.33121      2.33767
      1.73668      1.20855     0.920227     0.813620     0.748222     0.611513
     0.394763     0.414554     0.465549     0.509567     0.386313     0.411484
     0.450486     0.755502      1.04941     0.366087     0.751410     0.214777
     0.201039     0.212022     0.609533     0.181815     0.573378      1.04691
     0.204589     0.282851     0.185539     0.236904     0.310721     0.435450
     0.393091     0.423086      1.04567      1.08164    0.0740341    0.0697643
     0.149047
      14.0086      12.7615      6.67022      4.57428      3.35063      2.38911
      1.78728      1.26645     0.968870     0.845000     0.762860     0.622874
     0.417780     0.428236     0.468835     0.492432     0.447428     0.478553
     0.433499     0.627979     0.905225     0.443178     0.595205     0.191490
     0.205098     0.178565     0.412143     0.220334      1.01843     0.626831
     0.158044     0.196697     0.138494     0.164633     0.223694     0.302824
     0.431336     0.629581     0.651185     0.663746    0.0741342    0.0689454
    0.0938230
      13.4358      11.5579      6.56980      4.57336      3.36720      2.43507
      1.83284      1.32051      1.01457     0.873490     0.774636     0.632210
     0.439650     0.439196     0.471235     0.477109     0.531740     0.554444
     0.419160     0.539297     0.716688     0.550123     0.459879     0.173808
     0.209038     0.155329     0.290258     0.287036      1.69516     0.379300
     0.129208     0.147409     0.110056     0.123197     0.159427     0.199512
     0.357577     0.580982     0.348611     0.346795    0.0740699    0.0676090
    0.0666268
      12.6701      10.0984      6.42379      4.56972      3.38961      2.49993
      1.89787      1.39987      1.08199     0.914490     0.790538     0.644989
     0.472201     0.454359     0.474244     0.456514     0.896209     0.847864
     0.400224     0.440620     0.480296      1.12166     0.310998     0.152508
     0.214855     0.129307     0.178950     0.751440      4.09166     0.185471
    0.0997851     0.101340    0.0817331    0.0845005    0.0959614     0.105435
     0.202730     0.269950     0.131461     0.126273    0.0739197    0.0654140
    0.0435519
      12.3433      9.51483      6.34801      4.56196      3.39530      2.52620
      1.92714      1.43711      1.11355     0.933030     0.797622     0.650663
     0.487454     0.461583     0.475513     0.448234      1.66349      1.34891
     0.392319     0.405446     0.406743      2.44715     0.265211     0.144321
     0.217550     0.119949     0.146899      2.35781      5.31314     0.138709
    0.0899567    0.0868506    0.0722806    0.0722986    0.0767720    0.0798152
     0.151300     0.172649    0.0874190    0.0826448    0.0739054    0.0644927
    0.0367336
      12.1284      9.15992      6.30735      4.56379      3.40299      2.54758
      1.94752      1.46401      1.13644     0.945560     0.801999     0.654391
     0.498620     0.466505     0.476148     0.442550      3.65941      2.19148
     0.387134     0.384711     0.363240      4.69903     0.239472     0.139246
     0.219586     0.114476     0.130140      6.14706      3.51857     0.116471
    0.0844212    0.0789882    0.0669929    0.0656915    0.0663928    0.0668113
     0.120068     0.121299    0.0681899    0.0638089    0.0738983    0.0637819
    0.0331908
      12.0210      8.99644      6.28702      4.56516      3.40848      2.55989
      1.95815      1.47763      1.14844     0.952470     0.803636     0.655768
     0.504884     0.468238     0.475518     0.438884      5.00912      2.44151
     0.384083     0.374360     0.338095      4.15670     0.226042     0.136604
     0.220789     0.111867     0.122713      4.15148      2.04659     0.107349
    0.0818803    0.0756390    0.0647013    0.0629243    0.0619493    0.0615255
     0.104306    0.0998211    0.0609553    0.0568167    0.0738339    0.0632474
    0.0317500
      11.9252      8.86600      6.26608      4.56561      3.41342      2.57219
      1.97023      1.49287      1.16207     0.960800     0.806027     0.657509
     0.511566     0.468938     0.475952     0.434971      4.15819      1.96937
     0.380369     0.364463     0.308701      2.27709     0.211283     0.133912
     0.220978     0.109219     0.116139      1.65070      1.02672    0.0997133
    0.0796396    0.0730703    0.0629254    0.0608613    0.0584943    0.0576197
    0.0894422    0.0828213    0.0555492    0.0517471    0.0736623    0.0624967
    0.0306894
      11.8143      8.72793      6.23835      4.56470      3.41833      2.58684
      1.98551      1.51397      1.18044     0.970810     0.808540     0.659820
     0.520698     0.470759     0.476878     0.430523      2.10722      1.17804
     0.377869     0.354761     0.273004     0.888775     0.193408     0.131479
     0.222937     0.106551     0.109067     0.495501     0.426857    0.0913826
    0.0771057    0.0704495    0.0610865    0.0587983    0.0549530    0.0537512
    0.0733460    0.0662609    0.0501394    0.0467900    0.0733763    0.0614390
    0.0296315
      11.7485      8.65000      6.22110      4.56379      3.42114      2.59575
      1.99477      1.52698      1.19178     0.976840     0.809585     0.660833
     0.526385     0.471133     0.477192     0.427557      1.27345     0.809931
     0.375920     0.348693     0.251434     0.507638     0.182567     0.129837
     0.224016     0.104932     0.104993     0.255481     0.258821    0.0867078
    0.0756189    0.0690318    0.0600839    0.0577145    0.0530432    0.0517305
    0.0648153    0.0580751    0.0472947    0.0442279    0.0731689    0.0607282
    0.0290668
      11.6988      8.59664      6.20755      4.56288      3.42327      2.60261
      2.00187      1.53715      1.20069     0.981490     0.810104     0.661363
     0.530869     0.470946     0.477240     0.424838     0.851138     0.595294
     0.374265     0.343631     0.234112     0.342071     0.173595     0.128466
     0.224788     0.103569     0.101728     0.164362     0.182858    0.0830795
    0.0744113    0.0679978    0.0593563    0.0569663    0.0516996    0.0503505
    0.0587704    0.0525987    0.0452509    0.0424327    0.0729759    0.0600912
    0.0286701
      11.6607      8.55598      6.19646      4.56242      3.42495      2.60827
      2.00770      1.54561      1.20812     0.985340     0.810428     0.661713
     0.534616     0.470572     0.477240     0.422408     0.628461     0.468580
     0.372868     0.339413     0.220314     0.259823     0.166229     0.127343
     0.225419     0.102411    0.0990863     0.122410     0.143653    0.0801672
    0.0733712    0.0672109    0.0587892    0.0564052    0.0507111    0.0493729
    0.0543797    0.0487833    0.0437095    0.0411171    0.0727828    0.0595283
    0.0283560
      11.6342      8.52972      6.18845      4.56196      3.42625      2.61258
      2.01216      1.55218      1.21391     0.988290     0.810582     0.661912
     0.537539     0.470105     0.477240     0.420472     0.507552     0.393669
     0.371802     0.336265     0.209762     0.216280     0.160428     0.126515
     0.225895     0.101538    0.0970047     0.101232     0.122232    0.0778814
    0.0726173    0.0666386    0.0583939    0.0560036    0.0500201    0.0486946
    0.0512549    0.0461510    0.0425573    0.0401504    0.0726184    0.0590563
    0.0281356
      11.6134      8.51193      6.18229      4.56151      3.42725      2.61602
      2.01574      1.55748      1.21859     0.990660     0.810663     0.662031
     0.539913     0.469685     0.477192     0.418825     0.435980     0.346448
     0.370956     0.333799     0.201558     0.190829     0.155804     0.125873
     0.226276     0.100862    0.0953413    0.0892669     0.109407    0.0760432
    0.0720310    0.0662224    0.0581132    0.0557230    0.0495115    0.0481941
    0.0489530    0.0442549    0.0416506    0.0394054    0.0724611    0.0586582
    0.0279868
      11.5984      8.49923      6.17736      4.56105      3.42807      2.61876
      2.01856      1.56171      1.22234     0.992540     0.810744     0.662104
     0.541809     0.469265     0.477192     0.417506     0.392352     0.316258
     0.370294     0.331885     0.195220     0.175432     0.152148     0.125367
     0.226579     0.100312    0.0939981    0.0822263     0.101496    0.0745216
    0.0715772    0.0659167    0.0579069    0.0555140    0.0491132    0.0477919
    0.0472569    0.0428906    0.0409026    0.0387839    0.0723252    0.0583284
    0.0278849
      11.5926      8.49499      6.17551      4.56105      3.42841      2.61997
      2.01982      1.56361      1.22402     0.993380     0.810744     0.662104
     0.542661     0.469031     0.477192     0.416930     0.376728     0.304962
     0.370000     0.331041     0.192492     0.170058     0.150556     0.125157
     0.226713     0.100077    0.0934466    0.0798470    0.0986707    0.0738882
    0.0713818    0.0658127    0.0578325    0.0554535    0.0489740    0.0476609
    0.0465509    0.0423240    0.0405852    0.0385332    0.0722465    0.0581691
    0.0278491
      11.5799      8.48652      6.17120      4.56105      3.42910      2.62244
      2.02239      1.56752      1.22748     0.995100     0.810663     0.662170
     0.544424     0.468564     0.477145     0.415653     0.351429     0.285872
     0.369412     0.329321     0.187017     0.161526     0.147303     0.124713
     0.226986    0.0995669    0.0922635    0.0761845    0.0940176    0.0725457
    0.0709699    0.0655916    0.0576835    0.0553214    0.0486765    0.0473755
    0.0451639    0.0412025    0.0398523    0.0379445    0.0720821    0.0578450
    0.0277692
      11.5706      8.48144      6.16812      4.56060      3.42965      2.62438
      2.02442      1.57060      1.23022     0.996460     0.810663     0.662170
     0.545820     0.468144     0.477097     0.414623     0.334392     0.272615
     0.368934     0.327991     0.182855     0.155862     0.144783     0.124367
     0.227203    0.0991648    0.0913472    0.0738122    0.0908535    0.0715129
    0.0706488    0.0654290    0.0575689    0.0552334    0.0484750    0.0471978
    0.0441488    0.0403855    0.0393008    0.0375156    0.0719319    0.0575777
    0.0277086
      11.5637      8.47805      6.16566      4.56060      3.43013      2.62599
      2.02609      1.57317      1.23251     0.997590     0.810582     0.662104
     0.546979     0.467771     0.477097     0.413758     0.322553     0.263107
     0.368529     0.326855     0.179539     0.152009     0.142733     0.124083
     0.227385    0.0988215    0.0905822    0.0722445    0.0886962    0.0706592
    0.0703836    0.0653054    0.0574773    0.0551619    0.0483166    0.0470621
    0.0433676    0.0397804    0.0388248    0.0371486    0.0718032    0.0573503
    0.0276590
