Data plotted in Fig.5
      43          39       ! Number of wavelengths and number of pressure levels
Wavelengths(microns):
     0.350000     0.400000     0.450000     0.500000     0.550000     0.600000
     0.650000     0.700000     0.750000     0.800000     0.850000     0.900000
     0.950000      1.00000      1.05000      1.10000      1.15000      1.20000
      1.25000      1.30000      1.35000      1.40000      1.45000      1.50000
      1.55000      1.60000      1.65000      1.70000      1.75000      1.80000
      1.85000      1.90000      1.95000      2.00000      2.05000      2.10000
      2.15000      2.20000      2.25000      2.30000      2.35000      2.40000
      2.45000
 
Pressure levels (bar)
      7.82563      6.22053      4.94466      3.93054      3.12440      2.48357
      1.97413      1.56924      1.24741     0.991535     0.788165     0.626510
     0.498011     0.395870     0.314668     0.250130     0.198832     0.158048
     0.125632    0.0998646    0.0793817    0.0630998    0.0501577    0.0398707
    0.0316927    0.0251923    0.0200250    0.0159183    0.0126534    0.0100580
   0.00799500   0.00635516   0.00505173   0.00401563   0.00319196   0.00253726
   0.00201688   0.00160317   0.00127435
 
Cloud opacity/bar values : 
      6.80614      7.11190      19.2690      13.6026      10.1247      7.36353
      2.90386      1.81694      1.88995      1.86120      1.40265      1.20733
     0.918539     0.680374     0.945203     0.726148     0.501403     0.575717
     0.570710     0.486612     0.312792     0.421877     0.436197     0.303290
     0.344307     0.156506     0.159444     0.222388     0.215750     0.199590
     0.147756     0.206211     0.264626     0.253052     0.175792     0.128677
    0.0943844    0.0725607    0.0790360    0.0803004    0.0784634    0.0720567
     0.230494
      5.64161      6.70319      31.0565      21.4698      15.8960      11.3109
      3.37051      1.92458      2.24848      2.41170      1.76514      1.55445
      1.14117     0.793330      1.27919     0.932731     0.501056     0.698718
     0.711022     0.592978     0.372386     0.418912     0.501963     0.374593
     0.422814     0.178531     0.180415     0.219919     0.214182     0.198735
     0.147300     0.205256     0.263330     0.251820     0.175368     0.128598
    0.0943655    0.0725824    0.0790439    0.0803084    0.0784619    0.0720639
     0.228475
      4.45734      4.88144      41.7941      30.6901      24.0590      16.1361
      4.01877      2.11913      2.80677      3.35070      2.36531      2.09969
      1.46336     0.963588      1.87760      1.28168     0.500604     0.892698
     0.941596     0.764733     0.464320     0.415196     0.599616     0.491628
     0.546287     0.200625     0.210988     0.216821     0.212212     0.197658
     0.146726     0.204060     0.261711     0.250279     0.174839     0.128502
    0.0943429    0.0726042    0.0790439    0.0803084    0.0784595    0.0720711
     0.225958
      3.69714      3.32241      31.4456      27.3276      24.6859      15.7953
      4.64671      2.42385      3.45864      4.51990      3.09763      2.67352
      1.74511      1.14984      2.67015      1.71409     0.500207      1.11605
      1.22784     0.977555     0.567740     0.411832     0.705053     0.639005
     0.689729     0.207473     0.244371     0.214047     0.210436     0.196680
     0.146202     0.202973     0.260235     0.248874     0.174353     0.128410
    0.0943211    0.0726259    0.0790518    0.0803084    0.0784572    0.0720783
     0.223678
      3.12064      2.35653      19.2488      19.4130      19.9734      13.0846
      5.61758      3.07920      4.61048      6.57830      4.38431      3.58452
      2.06943      1.44562      4.21462      2.47597     0.499675      1.49316
      1.77491      1.38945     0.737733     0.407495     0.870807     0.929884
     0.960495     0.216990     0.301261     0.210472     0.208139     0.195416
     0.145525     0.201568     0.258332     0.247061     0.173726     0.128294
    0.0942938    0.0726549    0.0790597    0.0803084    0.0784548    0.0720855
     0.220749
      2.86468      1.98364      13.3504      14.5048      15.6327      11.0620
      6.76722      4.09690      6.17282      8.99080      5.92791      4.66835
      2.30003      1.78886      6.27223      3.35130     0.499178      1.96946
      2.58896      2.01178     0.943358     0.403406      1.06477      1.39210
      1.40143     0.246125     0.374558     0.207134     0.205979     0.194218
     0.144882     0.200238     0.256527     0.245343     0.173128     0.128182
    0.0942673    0.0726839    0.0790676    0.0803084    0.0784524    0.0720927
     0.217991
      2.80159      1.84691      9.94717      11.3090      12.1744      9.60245
      8.40910      6.07942      8.87453      11.5220      7.67640      6.11754
      2.40903      2.27310      8.49183      4.25276     0.498535      2.76329
      4.11504      3.15494      1.23943     0.398403      1.36695      2.36849
      2.44969     0.325200     0.482553     0.203068     0.203333     0.192746
     0.144091     0.198603     0.254318     0.243239     0.172394     0.128047
    0.0942352    0.0727202    0.0790755    0.0803164    0.0784501    0.0720999
     0.214632
      2.94697      1.87626      7.66871      9.02404      9.30691      8.41918
      10.9585      11.1343      14.1541      11.2230      7.94432      7.33620
      2.16729      2.94044      6.86601      4.69333     0.497475      4.58215
      6.86907      4.83735      1.57718     0.389912      2.08380      4.49643
      6.13200     0.576096     0.640231     0.196237     0.198848     0.190231
     0.142735     0.195813     0.250543     0.239644     0.171132     0.127810
    0.0941795    0.0727855    0.0790834    0.0803164    0.0784454    0.0721215
     0.208948
      3.24019      2.03340      6.92375      8.20927      8.03694      7.80110
      11.4668      14.0367      13.1497      7.22680      5.32555      5.46184
      1.59829      2.45696      3.26343      3.99543     0.496747      4.19723
      4.20025      3.01759      1.13408     0.381777      2.70101      2.39225
      4.81142     0.837525     0.648340     0.189776     0.194553     0.187803
     0.141421     0.193123     0.246905     0.236181     0.169908     0.127579
    0.0941247    0.0728435    0.0790992    0.0803164    0.0784407    0.0721359
     0.203536
      4.08834      2.56597      6.94277      7.85129      6.99082      6.85570
      8.26588      7.84665      4.85810      3.00140      2.05755      1.96275
     0.717300     0.624483     0.899320      1.84088     0.494295     0.494572
     0.740525     0.822428     0.309375     0.367837      1.16847     0.395905
     0.792665     0.560655     0.388700     0.178890     0.187200     0.183593
     0.139131     0.188461     0.240610     0.230185     0.167767     0.127173
    0.0940284    0.0729450    0.0791229    0.0803245    0.0784320    0.0721647
     0.194321
      5.07920      3.22200      7.43859      7.77888      6.42948      6.10290
      5.97696      4.35841      2.41534      1.74950      1.10337     0.975547
     0.388576     0.217101     0.397711     0.891423     0.478072     0.135268
     0.257178     0.377278     0.132546     0.354404     0.422621     0.144992
     0.298057     0.292698     0.223862     0.168618     0.180121     0.179479
     0.136884     0.183916     0.234466     0.224327     0.165651     0.126769
    0.0939312    0.0730538    0.0791466    0.0803325    0.0784234    0.0722008
     0.185520
      6.53897      4.28222      8.35292      7.66411      5.92445      5.33063
      4.50390      2.77369      1.52420      1.23220     0.731343     0.614204
     0.250918     0.112204     0.233419     0.503153     0.427869    0.0652484
     0.136570     0.233763    0.0791995     0.338357     0.192496    0.0801864
     0.173799     0.164951     0.135024     0.156300     0.171426     0.174383
     0.134185     0.178386     0.226878     0.217079     0.162948     0.126247
    0.0938065    0.0731843    0.0791703    0.0803405    0.0784124    0.0722368
     0.174744
      9.31613      6.63990      10.0791      7.42455      5.34835      4.48968
      3.40931      1.90543      1.07756     0.938460     0.537938     0.436345
     0.182834    0.0740215     0.160747     0.312388     0.342703    0.0422508
    0.0899462     0.165210    0.0563046     0.318337     0.107972    0.0538493
     0.121760     0.100052    0.0841688     0.138533     0.158395     0.166384
     0.130513     0.170367     0.215181     0.205920     0.158280     0.125296
    0.0935780    0.0734381    0.0792257    0.0803566    0.0783920    0.0723088
     0.157988
      12.4298      10.0719      11.7918      7.16905      4.95558      3.97186
      2.88741      1.57924     0.921486     0.825790     0.471955     0.377639
     0.162885    0.0646124     0.140335     0.246968     0.293581    0.0373706
    0.0774206     0.142486    0.0498100     0.308559    0.0856171    0.0466642
     0.105912    0.0778821    0.0656330     0.128353     0.150388     0.160221
     0.128147     0.164575     0.205682     0.196941     0.153553     0.124180
    0.0933098    0.0737282    0.0792889    0.0803726    0.0783685    0.0723953
     0.145559
      15.8508      15.5837      13.2510      6.86117      4.63629      3.59954
      2.57293      1.42447     0.859128     0.776750     0.450481     0.358623
     0.160658    0.0643866     0.137467     0.219800     0.274102    0.0384812
    0.0757770     0.135462    0.0491039     0.307014    0.0797785    0.0457686
     0.101504    0.0686360    0.0579536     0.126996     0.148442     0.156874
     0.127168     0.161226     0.198972     0.190705     0.148846     0.122698
    0.0929500    0.0741270    0.0793758    0.0803967    0.0783371    0.0725105
     0.138536
      18.8918      23.8637      13.9984      6.52141      4.37398      3.32957
      2.37384      1.35368     0.843874     0.761440     0.452720     0.360131
     0.168622    0.0693405     0.144104     0.211296     0.275820    0.0433289
    0.0801453     0.136922    0.0517924     0.311648    0.0816594    0.0483239
     0.102991    0.0655342    0.0557652     0.133073     0.151705     0.156549
     0.127486     0.160465     0.195853     0.187894     0.144886     0.120724
    0.0924628    0.0746709    0.0794943    0.0804288    0.0782939    0.0726618
     0.136860
      21.5176      38.5539      13.9211      6.11015      4.11340      3.08881
      2.21436      1.32011     0.854878     0.764560     0.470816     0.375116
     0.185438    0.0789802     0.158693     0.212523     0.294666    0.0524708
    0.0897778     0.144285    0.0574801     0.321684    0.0888120    0.0538676
     0.108620    0.0654794    0.0565085     0.146999     0.159829     0.158666
     0.128901     0.161816     0.195532     0.187748     0.141224     0.117472
    0.0916044    0.0756934    0.0796998    0.0804690    0.0782139    0.0729212
     0.139230
      22.1527      48.8668      13.1725      5.81457      3.95101      2.95304
      2.13290      1.31841     0.877484     0.777340     0.492613     0.393295
     0.202816    0.0889256     0.173821     0.219175     0.319307    0.0621553
    0.0999694     0.152989    0.0634168     0.331591    0.0971480    0.0596435
     0.114977    0.0672049    0.0587739     0.161893     0.168300     0.161671
     0.130529     0.164250     0.197596     0.189791     0.139690     0.114549
    0.0907744    0.0768972    0.0799369    0.0804931    0.0781197    0.0731445
     0.143643
      21.2988      49.2529      11.9648      5.54769      3.82157      2.85516
      2.08089      1.33353     0.910495     0.797560     0.520691     0.416737
     0.224649     0.101953     0.192700     0.230568     0.351453    0.0748750
     0.113044     0.164352    0.0710189     0.343008     0.108311    0.0669365
     0.123025    0.0703170    0.0624654     0.179466     0.178011     0.165740
     0.132564     0.167942     0.201944     0.193964     0.139978     0.112060
    0.0900653    0.0784201    0.0802372    0.0804690    0.0779997    0.0733318
     0.150373
      19.5675      40.6959      10.6351      5.31268      3.71720      2.78280
      2.04778      1.35859     0.949999     0.822200     0.553124     0.443814
     0.250449     0.118117     0.214846     0.245346     0.389249    0.0909664
     0.128816     0.177757    0.0801753     0.355240     0.122009    0.0756004
     0.132321    0.0743763    0.0672049     0.198912     0.188341     0.170453
     0.134821     0.172488     0.207963     0.199691     0.141824     0.110408
    0.0896932    0.0801387    0.0806245    0.0803646    0.0778608    0.0734399
     0.158769
      17.7433      30.9199      9.52437      5.13233      3.64236      2.73544
      2.02986      1.38640     0.988942     0.846510     0.584854     0.470332
     0.276959     0.135891     0.237403     0.260966     0.425730     0.108867
     0.145353     0.191253    0.0897906     0.366443     0.136548    0.0845585
     0.141491    0.0786421    0.0722194     0.216666     0.197535     0.174982
     0.136925     0.177071     0.214485     0.205876     0.144658     0.109958
    0.0897839    0.0814948    0.0809485    0.0802209    0.0777408    0.0734543
     0.167396
      16.0643      23.1432      8.62415      4.98887      3.58605      2.70255
      2.02078      1.41565      1.02771     0.870560     0.616633     0.496903
     0.305314     0.156709     0.261292     0.277640     0.458875     0.129516
     0.163419     0.205230     0.100369     0.376972     0.152616    0.0942240
     0.150785    0.0831511    0.0776073     0.231634     0.205463     0.179380
     0.138927     0.181718     0.221481     0.212502     0.148265     0.110629
    0.0902485    0.0821474    0.0811302    0.0800635    0.0776654    0.0733895
     0.176371
      14.6799      17.9060      7.93748      4.87819      3.54485      2.68071
      2.01749      1.44439      1.06483     0.893360     0.647491     0.522755
     0.335175     0.181286     0.286210     0.294821     0.484602     0.152796
     0.182910     0.219337     0.111903     0.386591     0.170148     0.104531
     0.159953    0.0877365    0.0832109     0.241801     0.211543     0.183474
     0.140767     0.186232     0.228613     0.219240     0.152312     0.112245
    0.0909217    0.0818864    0.0810986    0.0799406    0.0776560    0.0732670
     0.185372
      12.9219      12.5598      7.09618      4.73701      3.49335      2.65492
      2.01637      1.48711      1.11989     0.926800     0.693923     0.561709
     0.382905     0.223137     0.325798     0.321566     0.518550     0.192858
     0.214691     0.241168     0.130741     0.400433     0.198796     0.121148
     0.173919    0.0948074    0.0920213     0.253749     0.219454     0.189420
     0.143409     0.192934     0.239473     0.229496     0.158729     0.115358
    0.0920823    0.0807769    0.0808773    0.0797712    0.0776866    0.0730364
     0.199127
      12.2110      10.7720      6.74824      4.67234      3.46898      2.64255
      2.01674      1.50715      1.14561     0.942240     0.715914     0.580132
     0.406719     0.245211     0.345506     0.334568     0.533719     0.214771
     0.230847     0.251771     0.140319     0.406744     0.213400     0.129521
     0.180612    0.0981957    0.0963494     0.258729     0.222967     0.192155
     0.144605     0.196055     0.244629     0.234365     0.161845     0.117003
    0.0926753    0.0800735    0.0807114    0.0796796    0.0777062    0.0729284
     0.205711
      11.7595      9.77517      6.53899      4.63408      3.45456      2.63650
      2.01798      1.52208      1.16454     0.953320     0.732216     0.593871
     0.425593     0.264453     0.361041     0.344551     0.541856     0.233203
     0.243918     0.259930     0.148125     0.411253     0.225307     0.136275
     0.185698     0.100822    0.0997268     0.260603     0.224987     0.194117
     0.145459     0.198353     0.248541     0.238049     0.164269     0.118460
    0.0931219    0.0792903    0.0805217    0.0796274    0.0777423    0.0728419
     0.210696
      11.5418      9.34892      6.44572      4.61859      3.44975      2.63492
      2.01873      1.53042      1.17512     0.958670     0.741138     0.601644
     0.437552     0.278590     0.370364     0.350435     0.543363     0.245412
     0.252406     0.264749     0.153277     0.413776     0.233235     0.140643
     0.188747     0.102448     0.101797     0.259849     0.225579     0.195210
     0.145938     0.199691     0.250899     0.240267     0.165764     0.119492
    0.0933636    0.0786376    0.0803716    0.0796258    0.0777855    0.0727771
     0.213695
      11.3571      9.03087      6.37147      4.60539      3.44632      2.63334
      2.01788      1.53517      1.18310     0.963910     0.750093     0.608968
     0.451077     0.296416     0.381133     0.356673     0.541103     0.258392
     0.261557     0.269383     0.159105     0.416299     0.242054     0.145227
     0.191024     0.103937     0.103967     0.256993     0.225514     0.196297
     0.146419     0.201080     0.253432     0.242642     0.167401     0.120745
    0.0935827    0.0777964    0.0801819    0.0796676    0.0778585    0.0726834
     0.216915
      11.1479      8.70954      6.28985      4.58945      3.44185      2.63203
      2.02090      1.54695      1.19906     0.973440     0.764084     0.620870
     0.470235     0.323951     0.396979     0.365811     0.535829     0.278572
     0.276110     0.277024     0.167965     0.419392     0.255048     0.152694
     0.195790     0.106148     0.107051     0.252150     0.224965     0.197620
     0.147010     0.202819     0.256656     0.245666     0.169502     0.122431
    0.0938320    0.0766434    0.0799211    0.0797479    0.0779667    0.0725610
     0.221030
      11.0273      8.53985      6.24383      4.57988      3.43945      2.63177
      2.02344      1.55504      1.20905     0.979190     0.772909     0.628418
     0.483077     0.343602     0.407414     0.371933     0.531660     0.292080
     0.285796     0.281864     0.173928     0.421353     0.264150     0.157600
     0.198662     0.107687     0.109138     0.248654     0.224438     0.198440
     0.147382     0.203920     0.258717     0.247596     0.170846     0.123542
    0.0939784    0.0758892    0.0797551    0.0798113    0.0780421    0.0724817
     0.223675
      10.9376      8.42591      6.21130      4.57351      3.43773      2.63150
      2.02521      1.56086      1.21651     0.983440     0.779763     0.634274
     0.493868     0.361527     0.416083     0.376857     0.527441     0.303566
     0.294061     0.285750     0.179069     0.422915     0.271882     0.161758
     0.200892     0.108909     0.110856     0.245365     0.223845     0.199102
     0.147680     0.204821     0.260433     0.249204     0.171970     0.124498
    0.0940870    0.0752438    0.0796129    0.0798772    0.0781111    0.0724025
     0.225888
      10.8682      8.34640      6.18737      4.56850      3.43670      2.63150
      2.02663      1.56561      1.22268     0.986940     0.785501     0.639174
     0.503283     0.378209     0.423617     0.381040     0.523422     0.313736
     0.301407     0.289054     0.183651     0.424211     0.278733     0.165438
     0.202776     0.109942     0.112328     0.242395     0.223230     0.199650
     0.147927     0.205575     0.261887     0.250561     0.172921     0.125318
    0.0941701    0.0747072    0.0794943    0.0799406    0.0781731    0.0723376
     0.227769
      10.8191      8.29312      6.17203      4.56485      3.43567      2.63150
      2.02767      1.56917      1.22740     0.989590     0.789954     0.642988
     0.510957     0.392690     0.429742     0.384346     0.519806     0.322136
     0.307500     0.291680     0.187467     0.425198     0.284403     0.168474
     0.204253     0.110750     0.113498     0.239859     0.222659     0.200064
     0.148116     0.206161     0.263036     0.251634     0.173681     0.125988
    0.0942314    0.0742721    0.0793995    0.0799984    0.0782249    0.0722872
     0.229251
      10.7839      8.25705      6.16099      4.56258      3.43533      2.63150
      2.02848      1.57201      1.23119     0.991710     0.793575     0.646084
     0.517387     0.405439     0.434861     0.387059     0.516642     0.329248
     0.312683     0.293836     0.190718     0.425983     0.289221     0.171045
     0.205458     0.111412     0.114464     0.237711     0.222132     0.200392
     0.148268     0.206635     0.263968     0.252504     0.174300     0.126542
    0.0942777    0.0739167    0.0793284    0.0800490    0.0782696    0.0722440
     0.230457
      10.7561      8.23164      6.15362      4.56030      3.43464      2.63150
      2.02913      1.57425      1.23420     0.993390     0.796469     0.648567
     0.522654     0.416278     0.439052     0.389250     0.514030     0.335123
     0.316984     0.295577     0.193414     0.426609     0.293206     0.173169
     0.206428     0.111944     0.115247     0.235952     0.221693     0.200653
     0.148387     0.207012     0.264715     0.253200     0.174797     0.126990
    0.0943136    0.0736412    0.0792652    0.0800916    0.0783057    0.0722008
     0.231426
      10.7465      8.22590      6.15117      4.55984      3.43464      2.63150
      2.02939      1.57523      1.23554     0.994130     0.797770     0.649687
     0.525121     0.421623     0.441014     0.390253     0.512774     0.337902
     0.319035     0.296371     0.194703     0.426884     0.295100     0.174175
     0.206868     0.112185     0.115605     0.235130     0.221474     0.200767
     0.148441     0.207179     0.265049     0.253513     0.175020     0.127198
    0.0943277    0.0735106    0.0792415    0.0801133    0.0783238    0.0721864
     0.231864
      10.7252      8.21360      6.14626      4.55802      3.43430      2.63150
      2.02996      1.57726      1.23830     0.995660     0.800461     0.651998
     0.530279     0.433130     0.445113     0.392321     0.510112     0.343759
     0.323380     0.298022     0.197424     0.427450     0.299101     0.176291
     0.207781     0.112683     0.116352     0.233416     0.220991     0.200999
     0.148548     0.207525     0.265743     0.254160     0.175479     0.127623
    0.0943570    0.0732496    0.0791861    0.0801582    0.0783591    0.0721503
     0.232768
      10.7103      8.20705      6.14319      4.55711      3.43396      2.63124
      2.03041      1.57886      1.24048     0.996860     0.802603     0.653836
     0.534471     0.442831     0.448448     0.393966     0.508003     0.348563
     0.326957     0.299345     0.199670     0.427896     0.302386     0.178028
     0.208507     0.113079     0.116950     0.232045     0.220617     0.201183
     0.148634     0.207796     0.266294     0.254672     0.175845     0.127963
    0.0943778    0.0730465    0.0791387    0.0801968    0.0783889    0.0721215
     0.233488
      10.6985      8.20377      6.14074      4.55620      3.43361      2.63124
      2.03078      1.58017      1.24230     0.997860     0.804381     0.655364
     0.538035     0.451341     0.451279     0.395348     0.506144     0.352680
     0.330035     0.300460     0.201601     0.428265     0.305201     0.179514
     0.209111     0.113410     0.117454     0.230903     0.220288     0.201332
     0.148704     0.208021     0.266749     0.255097     0.176148     0.128247
    0.0943938    0.0728725    0.0791071    0.0802289    0.0784132    0.0720927
     0.234089
